2	6
2	5
5	8
5	9
6	10
6	12
8	11
8	15
9	16
9	14
10	17
10	18
11	24
11	22
12	21
12	19
14	26
14	28
15	23
15	27
16	29
16	31
17	32
17	33
18	34
18	37
19		E
21		E
22	38
22	35
23		E
24	6
26		E
27	39
27	40
28	41
28	42
29	43
29	44
31		E
32		E
33	45
33	46
34	48
34	47
35	50
35	53
37		E
38	55
38	51
39	56
39	57
40		E
41	58
41	59
42	6
43	60
43	61
44	64
44	63
45	65
45	66
46	48
47		E
48	9
50	67
50	68
51	72
51	74
53	69
53	70
55	71
55	73
56	75
56	76
57	77
57	79
58		E
59		E
60	80
60	82
61	81
61	86
63		E
64	63
64	85
64	87
65	88
65	89
66	32
67	6
68		E
69	97
69	98
70	99
70	100
71	90
71	91
72	93
72	94
73		E
74		E
74	107
75			ALTERNATE ENDING
75		E
76		E
76	108		ALTERNATE ENDING
77		E
79	50
80		E
81	116
81	117
82	112
82	114
85		E
86		E
87		E
88	95
88	96
89		E
90	101
90	102
91	103
91	104
93		E
94	105
94	106
95		E
96	110
96	111
97		E
98		E
99		E
100	55
101		E
102		E
103		E
104		E
105		E
106		E
107		E
108	109
109		E
110		E
111		E
112		E
114		E
116		E
116		E	
