# ---
# group  : Katz
# id     : 
# gbid   : 
# series : CYOA
# title  : 
# author : 
# credit: 
#   - name : 
#     role : encoder
#     date : 2017-08-20
#   - name : Jeremy Douglass
#     role : editor
#     date : 2017-10-19
# render:
#   - name   : small
#     styles : gvStyles-small.txt
#     engine : dot
# comment: >
#     
# ---

1		S
1	2		28 possible endings
2	3
3	7
4	5
5	8
7	9
8	31
8	17
9	4
9	13
9	10
10	11
11	12
11	32
12	44
13	70
14	15
15	104
15	64
15	66
17	41
18	28
18	30
19		E
20		E
21		E
22		E
23		E
24	25
25	67
26	80
26	22
27		E
28		E
29		E
30	40
31	38
31	46
32	34
33		E
34	35
35	36
36	68
37		E
38	42
39		E
40		E
41	45
41	48
42	43
43	55
43	20
44	100
44	69
45	59
46	51
47		E
48	62
50	47
51		E
53		E
54		E
55	56
56	109
56	83
58	77
59	96
60	61
61		E
62	112
63	24
64	65
65	26
66	79
66	76
67	84
67	74
68	72
69	14
70	71
71	18
72	88
72	92
74	87
75		E
76	93
76	95
77	111
79		E
80	81
81		E
82		E
83	85
84	86
85	50
85	33
86	75
87		E
88	53
88	113
89	90
90	91
91	101
91	82
91	37
91	39
92	94
92	106
93		E
94	98
95	60
96	97
97	58
97	63
98	54
98	21
100		E
101	102
102	103
103		E
104	108
106	107
107	19
107	29
108	89
109		E
111		E
112	114
113	27
113	23
114	115
115		E
