1	2
2	4
4	5
5	6
	70
6	7
7	18
	12
8	26
	29
9	13
	15
10	19
	8
12	10
13	14
14	21
	24
15	16
16	17
17	23
	28
18	9
19	20
20	33
21	22
22	35
	57
23	41
24	25
25	37
	40
26	27
27	43
	44
28	70	RETURN
28		E
29	45
	59
30	32
32	48
	49
33	30
	36
35	64
	60
36	52
	54
37	38
38	70	RETURN
38		E
41	66
	68
44	70	RETURN
44		E
45	46
46	70	RETURN
46		E
48	58
	61
49	51
53	62
	65
54	70	RETURN
54		E
57	53
59	70	RETURN
59		E
60	70	RETURN
60		E
65	70	RETURN
65		E
66	70	RETURN
66		E
68	69
69	70	RETURN
69		E
70	72
	76
71	88
	90
72	74
74	75
75	78
	81
76	86
	71
77	100
78	79
79	80
80	84
	91
81	83
83	95
	98
86	87
87	77
	101
88	89
89	112
	105
90	115
	102
91	93
93	94
94	103
	107
95	96
96	106
	116
98	99
99	108
	118
101	111
	120
102	6	RETURN
102		E
103	6	RETURN
103		E
107	6	RETURN
107		E
108	109
111	6	RETURN
111		E
112	121
	122
116	117
117	6	RETURN
117		E
118	6	RETURN
118		E


