1	2
2	3
3	53
3	105
4	106
4	30
5	16
6		E
7	131
8		E
9	37
10		E
11	90
12	110
13		E
14	100
15	38
16	67
17	46
17	4
18		E
19	78
20	32
21		E
22	102
23	136
23	32
24	132
25	49
25	63
26	88
27	35
28	86
29	51
29	69
30	22
31	45
32	61
32	60
32	84
32	29
32	44
32	130
33	83
34	115
34	82
35	78
36	10
37		E
38	119
39		E
40	91
41	94
41	69
42	89
43	121
44	134
45	74
45	66
46	55
47	87
48	23
48	28
49		E
50	96
51	25
52	19
53		E
54	56
55	36
55	26
56		E
57		E
58	32
59	47
59	11
60	69
60	75
60	123
61	85
62	125
62	7
63	117
64	97
64	40
65		E
66	39
67		E
68	109
69	32
70		E
71	12
72	136
136	32
73	57
74	9
74	133
74	41
75	87
76	129
77	20
78	122
78	33
79		E
80	116
80	98
81	6
82	21
83	103
83	70
83	70
83	103
84	113
85	43
85	111
85	69
86		E
87	107
87	124
88	34
88	112
89	81
89	62
90		E
91	135
91	128
92	68
92	54
93	71
94	136
136	32
95	126
95	79
96	136
136	32
97	65
98	64
99	136
136	127
136	14
100		E
101		E
102	95
102	71
103	72
104	80
105	76
106	93
107	17
108	114
109	50
109	99
110	13
111	59
112		E
113	108
113	52
114		E
115		E
116	8
117	48
118	32
119	101
119	120
120	48
121	24
121	15
122	58
123		E
124		E
125		E
126	5
127	77
128	118
129	136
136	104
130	42
130	32
131	73
131	27
132	92
133	32
134	18
134	31
		