# ---
# group  : Katz
# id     : 07-03
# gbid   : 1244
# series : Give Yourself Goosebumps Special Edition
# title  : Trapped in the Circus of Fear
# author : R.L. Stine
# credit: 
#   - name : Juliet Way-Henthorne
#     role : encoder
#     date : 2017-11-17
#   - name : Jeremy Douglass
#     role : editor
#     date : 2018-04-11
# render:
#   - name   : small
#     styles : gvStyles-small.txt
#     engine : dot
# comment: >
#     
# ---

#From	To	Label	Comment

1	2
2	3
2	4
3	4
4	5
5	6
6	33
6	9
7	16
8	82
9	48
10	76
11	84
12	40
13		E
14	92
15	59
16	70
17	62
17	39
18		E
19	11
19	35
19	58
20	12
21	72
22		E
23		E
24		E
25	66
26	126
27	44
28	46
29		E
30	42
31		E
32	63
33	75
33	60
34	86
35	115
36	49
37		E
38	8
38	97
39	54
40	101
40	67
41	114
42	102
42	73
43	38
44	90
45		E
46	107
47	55
48	33
49	89
50	103
51	105
51	22
51	68
51	113
52	24		PUZZLE
53	99
54	77
55	127
55	118
56	65
57	31
58	71
59	50
60		E
61	91
61	7
62	10
62	37
63		E
64	20
65	23
65	36
66		E
67	78
68	87
69	41
69	122
70	121
70	128
71		E
72	96
73	19
74	69
74	32
75	94
76	131
77	100
77	25
77	119
78	55
79	34
80	116
80	56
81	56
82	88
83	18
84	79
85		E
86	98
87	106
87	81
88		E
89	53
90	109
91	111
92	85
93		E
94	51
95	120
96	125
96	74
97	56
98	15
98	29
98	57
99	130
99	64
100	14
100	30
101	124
101	117
101	47
102	27
103	83
104	110
105	28
106		E
107	80
108	13
108	52
109	2
110	18
111		E
112	93
113	43
114		E
115	129
116	123
117		E
118		E
119		E
120	104
121		E
122		E
123	17
124	112
125	61
126	95
126	45
127	21
128	26
129		E
130	12
131	108
