# ---
# group  : Katz
# id     : 07-05
# gbid   : 1246
# series : Give Yourself Goosebumps Special Edition
# title  : The Curse of the Cave Creatures
# author : R.L. Stine
# credit: 
#   - name : Juliet Way-Henthorne
#     role : encoder
#     date : 2017-11-17
#   - name : Jeremy Douglass
#     role : editor
#     date : 2018-04-11
# render:
#   - name   : small
#     styles : gvStyles-small.txt
#     engine : dot
# comment: >
#     
# ---

#From	To	Label	Comment

1	2
2	3
3	4
4	5
4	66
5	6
6	7
7	54
7	27
8		E
9		E
10	31
10	23
11	47
12	82
13	74
14		E
15	95
16	51
17	80
17	12
18	36
19	91
20	58
20	129
21	120
22		E
23	13
24	101
24	117
25	108
26	105
27	8
28	86
29	130
30	136
31		E
32	77
33	25
34	78
34	17
35		E
36	104
37	79
37	115
37	40
38	16
38	90
39		E
40	127
41	38
42		E
43	55
44	85
44	106
44	61
44	42
45	123
46	43
47	71
47	87
48	73
49	30
49	81
50	15
51	94
51	110
52	65
53	24
54	96
55	60
55	22
56	93
57	118
57	88
57	68
57	56
58	53
59		E
60	57
61	49
62	35
63		E
64	19
64	97
64	102
64	63
65	59
65	69
66	67
67	124
68	112
69	135
70	11
70	107
70	84
71	76
72		E
73	113
74	50
75	44
76	34
77		E
78		E
79	127
80		E
81	43
82	28
82	103
83	39
84	72
85	43
86	41
86	116
87	41
87	116
88	93
89	119
90	9
91		E
92		E
93		E
94	64
95	114
95	33
95	126
96	10
97	37
98	93
99		E
10		E
101	26
102	109
103		E
104	99
104	134
105	100
106	89
106	92
107		E
108	37
109	48
110	48
111	14
112		E
113	83
113	122
114	20
115		E
116	51
117	29
118	93
119	46
120	45
120	131
121		E
122	21
123	52
123	128
124	125
125	70
126	18
127	75
128	132
129		E
130	133
131		E
132		E
133	32
133	62
134	111
135	121
136		E