# ---
# group  : Katz
# id     : 
# gbid   : 
# series : 
# title  : 
# author : 
# credit: 
#   - name : Rachael Grainger
#     role : encoder
#     date : 2017-08-23
#   - name : Jeremy Douglass
#     role : editor
#     date : 2017-10-19
# render:
#   - name   : small
#     styles : gvStyles-small.txt
#     engine : dot
# comment: >
#     
# ---

#From	To	Label	Comment

5		S
5	6
6	7
7	8
8	9
9	10
10	11
11		
	12
12	13
13	21
	41
15	122
	17
17	18
18	55
	99
	21
21	22
22	23
23		
	24
24	25
25	31
	40
27	28
28		
	29
29	30
30	26
	62
31	32
33	34
34		
	35
35	36
36	68
	102
37	38
38		
	39
40		startover
	41
41	42
42		
	43
43	44
44	45
45	74
	53
46	47
47		
	48
48	19
	129
49	50
50	51
51	99
	55
	53
53	54
54	74
55	56
56	57
57	27
	114
	62
59	60
60		
	61
62	63
63	68
	33
65	66
66		
	67
67	96
68	69
69	70
70	71
71		
	72
72	73
73	102
	149
74	75
75	76
76	77
77	78
78	83
	14
79	80
80		
	81	
81		
81	82
83	84
84	85
85	59
	90
	65
87	88
88		
	89
90	91
91	109
	122
92	93
93	94
94		
	95
95	137
	79
96	97
97	98
98	58
	15
	46
99	100
100		
	101
101	130
	124
102	103
104	96
	153
105	106
106	107
107		
	108
108	140
	156
109	110
110	111
111		
	112
112	113
113	64
	132
	37
114	115
115		
	116
116	26
	62
117	118
118	119
119		
	120
120	121
121	138
	86
122	123
123	17
	49
124	125
125	126
126	127
127	150
	105
	129
130	131
131	87
	124
132	133
133	134
134	135
135		
	136
136	117
	104
137	79
138	139
140	141
141		
	142
142	143
143	144
144	145
145	146
146	147
147		
	148
148	152
	92
150	151
153	154
154		
	155
155	117
	96
156	157
