0	135	DESCRIPTION
0	50	DESCRIPTION
5	32
5	35
9	106
9	118
10	42
10	85
12		E-OK
13	21
13	16
15		E-GOOD
16	19
19		E-GOOD
20	73
20	87
21	24
24		E-OK
25	121
25	152
28		E-BAD
30	145
30	59
32	28
32	130
35	91
35	10
35	30
37	61
37	20
41		E-BAD
42		E-BAD
44	49
44	9
46	48
48		E-GOOD
49	9
50	129
50	13
53	133
53	93
56	111
56	46
60	140
60	79
61	25
61	127
65		E-GOOD
66	114
66	53
68	72	E-GOOD
73	75	E-OK
76	135
76	50
82	84	E-GOOD
85	142
85	79
87	97
87	136
91	92	E-OK
93	65
93	154
97	99	E-OK
100	37
100	123
104		E-BAD
105	44
106	108	E-OK
109	110
110		E-OK
111	113	E-BAD
114		E-OK
115	109
115	56
117		E-OK
118	41
117	66
121	82
121	144
123	76
123	115
126		E-OK
127	15
127	68
129	13
130	12
130	100
133	134	E-OK
135	117
135	105
136	104
136	147
140	126
140	44
142		E-OK
144		E-BAD
145	146	E-OK
147	151	E-GOOD
152	153	E-GOOD
154	157	E-GOOD
