# ---
# group  : Katz
# id     : 
# gbid   : 
# series : 
# title  : 
# author : 
# credit: 
#   - name : Rachael Grainger
#     role : encoder
#     date : 2017-08-24
#   - name : Jeremy Douglass
#     role : editor
#     date : 2017-10-19
# render:
#   - name   : small
#     styles : gvStyles-small.txt
#     engine : dot
# comment: >
#     
# ---

5		S
5	6
6	7
7	8
8	66
	94
10	11
11		E
12	13
13	73
	78
14	15
15	16
16	22
17		E
18	19
19	20
20	55
21		E
22	23
23	21
	12
	43
	101
24	25
25	26
26	146
	54
27	28
28	67
	83
	112
	140
29	139
29		or End
30	31
31	32
32	33
33	90
	107
34	35
35	36
36	55
37	38
38	144
	153
39	40
40	120
	135
41	23
42	60
43	44
44	45
45	46
46	63
	30
	41
47	48
48	49	
48		or End
49	50
50	51
51	52
52	53
53	87
	14
54	55
55	56
56	57
57	75
	103
58	59
59	141
60	61
61	62
62	96
	136
	65
63	64
64	65
65	93
	83
	140
64		E
66		E
67	68
68	83
69		E
70	71
71	72
72	128
	84
73	23
74	23
75	76
76	77
77	130
	39
	69
78		E
79	80
80	81
81	82
82	116
83	17
	85
84		E
85	86
86	112
	99
	93
87	88
88	89
89		E
90	91
91	92
92		E
93	27
	47
94	95
95	18
	34
96	97
97	98
98		E
99	100
100	96
	93
	140
101	102
102	58
	23
103		E
104	105
105	106
106	128
	84
107	108
108	109
109	110
110	111
111	133
112	113
113	114
114	115
115	37
116	117
117	118
118	119
119	60
	140
	132
	42
120	121
121	122
122	123
123	124
124	125
125	126
126	127
127	29
	139
128	151
130	131
	120
	135
131		E
132	60
133	134
134	24
	74
135		E
136	137
137	138
138		E
139	49
140	119
141	142
142	143
143	104
	70
144		E
146	147
147	148
148	149
149	150
150	79
	10
151	152
152	133
153	154
154	155
155	156
156	157
157		E
