# ---
# group  : Katz
# id     : 
# gbid   : 
# series : 
# title  : 
# author : 
# credit: 
#   - name : Juliet Way-Henthorne
#     role : encoder
#     date : 2017-08-25
#   - name : Jeremy Douglass
#     role : editor
#     date : 2017-10-19
# render:
#   - name   : small
#     styles : gvStyles-small.txt
#     engine : dot
# comment: >
#     
# ---

1	29
4	81
5	15
5	12
6		E
7	14
8	13
8	26
9	32
9	28
10	6
10	91
11		E
12	27
13	26
13	37
14	101
15	9
15	59
16	23
16	30
17	61
17	22
18	24
20	5
21		E
22		E
23		E
24	10
24	75
25	28
25	116
26	33
27	6
28		E
29	8
30	25
31	58
31	77
32		E
33	20
34	87
34		E
35	87
35	36
36		E
37		E
38	109
39		E
40		E
41		E
42	89
42	92
43	100
43	113
44		E
45	50
45	107
49		E
50	98
50	115
51	112
51	41
52	97
55	93
55	34
56	111
57	110
58		E
59	18
60	31
61	66
61	22
62	76
64	108
66	84
67		E
68	72
68	37
70	88
71	40
71	79
72	114
74		E
75		E
76	49
76	102
77	16
78	117
78	92
79	56
80		E
81	94
81	90
82	11
82	35
83	57
83	11
84	21
84	78
86	83
87	60
87	74
88	55
89	118
90	99
91	82
92		E
93	80
93	51
94		E
95	98
95	105
96		E
97	44
97	95
98		E
99	120
100		E
101	104
101	92
102	43
103	106
104	119
105	64
106	62
106	39
107		E
108	44
108	98
108	7
109	45
109	96
110	71
111	37
111	70
112	68
113	38
114	67
114	4
114	41
115	52
116	17
117	86
118	49
118	103
119	121
120	42
121		END OF THIS ADVENTURE
