# ---
# group  : Katz
# id     : 
# gbid   : 
# series : 
# title  : 
# author : 
# credit: 
#   - name : Juliet Way-Henthorne
#     role : encoder
#     date : 2017-08-31
#   - name : Jeremy Douglass
#     role : editor
#     date : 2017-10-19
# render:
#   - name   : small
#     styles : gvStyles-small.txt
#     engine : dot
# comment: >
#     
# ---

#From	To	Label	Comment

1	4
1	5
4	8
4	9
5	7
5	10
7	15
7	17
8	11
8	12
9	11
9	14
10	18
10	20
11	21
11	22
12	23
12	24
14	25
15	27
15	29
17	30
17	31
18	27
18	32
20	33
20	34
21	35
21	36
21	86
22	37
22	38
23	39
23	40
24	41
24	42
25	43
25	44
27	47
27	48
29	49
29	50
30	51
31	27
32	52
32	53
33		E
34	54
35	36
35	55
36	57
37		E
38	58
38	59
39		E
40	60
40	62
41	64
41	65
42	72
43	35
43	66
44	67
44	68
47	105
47	107
48	69
49		E
50	70
50	71
51		E
52		E
52	4	RESTART*
53	24
54	72
54	73
55	70
55	41
57	76
57	77
58	78
59		E
60	61
61		E
61	9	RESTART*
62	79
62	80
64	81
65		E
66	21
66	82
67	83
67	85
68		E
69		E
70	38
70	94
71		E
72	101
72	102
73	103
73	104
74	112
74	114
76		E
77		E
78		E
78	7	RESTART*
79		E
80		E
81		E
82	96
83	97
83	98
85	99
85	100
86	88
86	89
88	90
88	91
89	23
90	92
90	93
91		E
92		E
93		E
94	23
94	24
96		E
97		E
98		E
99		E
100		E
100	99	RESTART*
101		E
102		E
103		E
104		E
105	108
105	109
107	54
107	111
108		E
109	110
110		E
111	74
112	36
112	115
114		E
115	116
116		WIN	
