1	3
1	5
3	6
3	7
5	10
5	11
6	12
7	9
9	13
10	15
11	16
11	17
12	18
12	19
13	21
13	22
15	23
15	24
16	25
17	26
17	27
18	19
18	28
19	29
19	47
21	30
21	31
22	32
22	33
23	35
23	36
24	37
24	17
25	38
25	40
26	41
27	7
27	42
28	5
29	44
29	47
30	48
30	49
31	5
32		E-BAD
33	50
35	52
35	53
36		E-BAD
37	54
38	57
40	59
41	60
41	62
42	63
44	45
45		E-BAD
47		E-BAD
48	64
48	65
49		E-BAD
50	66
50	67
52	68
52	69
53		E-BAD
54	70
54	71
57	72
57	73
59	76
59	78
60	80
60	81
62	82
62	83
63	84
63	85
64	87
64	88
65	89
65	90
66		E-BAD
66	67	R*
67	91
67	92
68	94
68	95
69	96
69	97
70		E-BAD
71		E-BAD
71	11	R*
72	75
75		E-GOOD
76	77
77		E-GOOD
78	79
79		E-GOOD
80	98
81		E-BAD
82	99
82	100
83		E-BAD
84		E-BAD
85	101
85	103
87	104
87	105
88	106
88	107
89		E-GOOD
90		E-BAD
91	108
92	93
93		E-BAD
93	109	R*
94		E-BAD
95		E-GOOD
96		E-BAD
97		E-BAD
97	11	R*
98	112
98	113
99		E-GOOD
100	114
100	115
101		E-GOOD
103		E-BAD
104		E-BAD
105	116
105	117
106		E-GOOD
107		E-BAD
108		E-BAD
109	111
111		E-GOOD
112		E-BAD
113		E-GOOD
114		E-BAD
115	118
116		E-BAD
117		E-GOOD
118	119
118	120
119		E-BAD
120		E-GOOD
