# ---
# group  : Katz
# id     : 
# gbid   : 
# series : 
# title  : 
# author : 
# credit: 
#   - name : Juliet Way-Henthorne
#     role : encoder
#     date : 2017-08-31
#   - name : Jeremy Douglass
#     role : editor
#     date : 2017-10-19
# render:
#   - name   : small
#     styles : gvStyles-small.txt
#     engine : dot
# comment: >
#     
# ---

#From	To	Label	Comment

1	4
1	6
1	7
4	10
4	11
6	12
7	13
7	14
10	15
10	16
11	17
11	18
12	20
12	21
13	14
13	22
14	23
14	25
15	16
15	26
16	11
16	28
17	30
17	32
18	33
18	34
20	35
20	36
21	57
21	37
22	38
23	39
23	40
25	41
26	42
26	43
28	45
30	46
30	50
32	51
32	52
33	53
33	54
34	55
35	56
35	57
36	58
36	59
37	60
38	61
38	62
39	64
39	65
40	66
40	67
41	69
41	70
42	7
43	44
44		E
44	71	RESTART*
45	6
45	72
46	73
46	74
50	75
51	76
51	77
52		E
53		E
54	78
54	79
55		E
56	80
56	81
57	18
58	82
58	83
59	10
60	85
60	86
61		E
62	87
64	65
64	88
65	89
65	90
66	91
67	4
69		E
70	93
70	94
71		E
72		E
73	95
73	97
74		E
75		E
76		E
77		E
78	8
79		E
80	99
81	101
81	80
82		E
82	7	RESTART*
83	102
85		E
86		E
87		E
88	12
89		E
90	104
90	38
91	105
91	106
91	107
93		E
94		E
95	96
96		E
97	98
98		E
99	108
99	109
101		E
102	111
102	112
104		E
105		E
106		E
107		E
108	109
108	113
109	114
111	115
112		E
113		E
114	118
114	119
115	117
117		E
118		E
119	120
120		WIN
