1	4
1	6
1	10
4	11
4	14
6	12
6	17
10	13
11	18
12	21
12	24
13	27
13	36
14	19
14	20
14	23
17	28
17	30
18	25
18	31
19		E-GOOD
20	40
21	34
23		E-BAD
24	26
24	38
25		E-BAD
26		E-BAD
27	49
27	51
28	43
28	44
30		E-BAD
31	46
31	60
34	45
34	59
36	54
38	50
38	52
40	61
43	58
44		E-BAD
45	65
45	70
46	63
46	66
49	56
49	62
50		E-GOOD
51	57
52	64
52	69
54	6
56	74
56	76
57	78
57	81
58		E-GPOOD
59	73
60		E-BAD
61	68
61	82
62	77
62	80
63	84
63	90
64		E-GOOD
65	83
65	87
66	67
67		E-OK
68	92
68	95
69		E-BAD
70	86
70	88
73		E-BAD
74	75
75		E-BAD
76	97
77		E-BAD
78	96
78	105
80		E-GOOD
81	98
81	109
82	91
83	104
83	108
84	85
85		E-GOOD
86		E-BAD
87		E-BAD
88	93
88	100
90		E-BAD
91	94
91	102
92		E-BAD
93		E-GOOD
94	101
94	111
95		E-GOOD
96		E-GOOD
97		E-BAD
98		E-GOOD
100	106
100	110
101		E-BAD
102	114
102	116
104		E-OK
105		E-GOOD
106	107
107		E-GOOD
108	4
109		E-BAD
110		E-BAD
111		E-GOOD
112	113
113		E-OK
114	112
114	118
116	117
117		E-BAD
118		E-GOOD