1	10
1	17
6	13
6	19
7	11
7	26
8	12
8	21
10	15
11		E-BAD
12	30
12	39
13	25
13	29
14	22
15	7
15	24
16	8
16	6
17	14
17	16
19	31
19	36
20		E-BAD
21	35
21	46
22	53
22	64
24	20
24	28
25	50
25	57
26	34
26	40
28	44
28	48
29	43
29	52
30		E-GOOD
30	22	R*
31		E-OK
32	54
32	59
34	47
34	51
35	6
35	32
36	37
37		E-GOOD
37	14	R*
39	42
39	58
40	56
40	62
41	75
42		E-OK
43	61
44	41
44	63
46		E-BAD
47		E-BAD
48	49
49		E-OK
49	113	PUZZLE
50		E-GOOD
51	66
52		E-OK
53	68
53	73
54		E-OK
54	114	PUZZLE
56		E-BAD
57		E-BAD
58		E-BAD
59		E-BAD
61		E-OK
62	65
62	70
63	72
63	75
64	69
64	74
65	77
65	88
66	81
66	89
68	64
69	74
70	79
70	103
72		E-BAD
73	76
73	86
74	80
74	83
75	84
75	98
76	16
77		E-BAD
78		E-BAD
79		E-BAD
80	91
80	101
81		E-BAD
82	93
82	106
83		E-GOOD
84		E-OK
85		E-BAD
86	87
87		E-GOOD
88		E-GOOD
89	100
89	105
90		E-GOOD
91	104
91	109
92		E-BAD
93
94	95		E-BAD
95	82
95	110
96		E-BAD
98		E-GOOD
99		E-GOOD
100		E-GOOD
101	85
101	108
102		E-BAD
103		E-GOOD
103	94	
104	96
105		E-GOOD
106	90
106	102
108		E-GOOD
109		E-BAD
110	78
110	92
110	99
110	112
112		E-GOOD
