1	3
1	4
1	5
3	7
4	10
5	17
5	18
7	11
7	12
10	13
10	14
11	19
11	20
12	45
13	21
13	22
14	23
14	24
17	25
17	26
18	27
18	28
19	29
20	30
21	32
21	33
22	48
23	35
23	36
24	37
24	38
25	39
25	40
26	41
26	42
27		E-BAD
28	43
28	44
29	45
29	46
30	31	E-OK
31	47	R*
32	48
33	34
34		E-BAD
35	49
36	51
36	52
37	54
37	56
38	58
39	59
40	61
40	62
41	63
42	64
42	65
43	67
44	69
45	70
45	71
46	72
46	73
47	75
47	76
48	77
48	78
49	79
49	81
51		E-BAD
52	82
52	83
54	57
56		E-BAD
57	84
57	85
58	86
58	89
59	90
59	91
61		E-BAD
62		E-GOOD
63	42
64	93
65	66
66		E-GOOD
67		E-GOOD
69		E-GOOD
70		E-GOOD
71		E-GOOD
72		E-BAD
73	94
73	95
75	98
75	100
76	101
77	102
77	104
78		E-BAD
79	106
79	107
81		E-BAD
82	108
82	109
83	82
83	110
84		E-GOOD
85		E-GOOD
86	88
88		E-GOOD
89		E-GOOD
90		E-BAD
91	111
91	112
93		E-BAD
94		E-BAD
95	97
97		E-GOOD
98	114
98	115
100		E-OK
101	116
101	117
102	103
103		E-GOOD
104	105
105		E-BAD
106		E-GOOD
107		E-BAD
108	118
108	119
109		E-BAD
110	120
110	122
111		E-GOOD
112	113
113		E-GOOD
114	123
114	124
115	125
115	126
116		E-OK
117		E-GOOD
118		E-BAD
119	127
119	128
120	129
122	131
122	132
123		E-BAD
124		E-GOOD
125		E-GOOD
126		E-BAD
127		E-BAD
128		E-GOOD
129		E-GOOD
131		E-OK
132	133
133		E-GOOD


