1	6
1	4
4	13
4	80
6	8
6	12
8	11
9	19
9	21
11	9
12		E-BAD
13	14
14	18
14	16
16	30
16	24
18	110
18	26
18	20
20	43
20	105
21		E-BAD
22	25
22	28
24		E-BAD
25	41
25	67
26	22
26	68
28	64
28	40
29	108
30	76
31		E-BAD
32	116
32	96
34	36
35	50
36	72
36	49
37		E-BAD
38	103
38	57
39		E-BAD
40	59
41	82
41	100
43	73
44	111
44	109
45	85
45	66
46	86
46	107
47	31
47	51
49	97
49	104
50	114
50	83
51	44
51	37
52	63
52	99
54	91
54	118
56	45
57		E-BAD
58		E-BAD
59	78
59	35
61	62
62		E-GOOD
63	113
63	79
64	89
64	54
65		E-BAD
66		E-BAD
67	70
67	46
68	69
69		E-GOOD
70	84
70	52
72	117
72	32
73		E-GOOD
74	58
74	77
76	47
76	88
77	6
78		E-BAD
79	29
79	39
80	98
80	74
81		E-GOOD
82		E-BAD
83	94
83	92
84	90
84	38
85	93
85	101
86	115
86	106
88		E-BAD
89		E-BAD
90		E-BAD
91		E-GOOD
92		E-BAD
93		E-BAD
94	65
94	61
95		E-GOOD
96	95
97	81
98	34
99		E-BAD
100	28
101		E-GOOD
103	112
104		E-BAD
105		E-BAD
106		E-GOOD
107		E-BAD
108		E-GOOD
109	56
110		E-GOOD
111		E-BAD
112		E-GOOD
113		E-BAD
114		E-BAD
115		E-BAD
116		E-GOOD
117		E-BAD
118		E-BAD
