1	4
1	6
4	8
4	10
6	46
6	51
8	12
8	14
10	16
10	20
12	30
12	40
14	18
14	26
16	17
17		E-BAD
18	28
18	79
20	24
20	29
23		E-GOOD
24	32
24	64
26		E-OK
27		E-BAD
28		E-GOOD
29		E-BAD
30	66
32	36
32	65
34	23
36		E-BAD
37	94
38	48
40	27
40	80
41		E-BAD
42		E-BAD
43		E-BAD
44		E-OK
45		E-OK
46	38
46	76
48	60
48	103
51	86
51	98
54	104
54	34
56	57
57		E-BAD
58	74
60	97
60	112
62		E-BAD
63		E-BAD
64		E-BAD
65	43
65	114
66	70
66	90
68	42
68	54
69		E-OK
70	111
71		E-GOOD
72	88
72	92
74	75
75		E-OK
76	77
77		E-BAD
78		E-BAD
79		E-BAD
80	81
81		E-OK
82	41
82	69
84	58
84	62
86	102
86	106
88	78
88	84
90	56
90	68
92	37
92	44
92	109
95		E-BAD
96		E-GOOD
97	100
97	108
98	99
99		E-BAD
100	96
102		E-BAD
103		E-GOOD
104	45
104	63
104	71
106	72
108		E-OK
109	94
111	82
111	95
112	113
113		E-GOOD
114	115
115		E-GOOD


