# ---
# group  : Katz
# id     : 09-64
# gbid   : 1889
# series : Play-It-Your-Way Sports Books
# title  : Pro Football Showdown
# author : Mitch Gelman
# credit: 
#   - name : Jeremy Douglass
#     role : encoder
#     date : 2018-04-13
# render:
#   - name   : small
#     styles : gvStyles-small.txt
#     engine : dot
# comment: >
#     
# ---

#From	To	Label	Comment

1	2
2	3
3	4
4	5
5	6
6	7
7	8
8	9
9	10
	22
10	11
11	12
	38
12	13
13	14
	18
14	16
16	17
17	24
	28
18	19
19	20
20	21
21	32
	36
22	23
23	62
	70
24	25
25	26
26	35
	40
27		E
28	30
30	31
31	43
	44
32	33
33	34
34	46
	50
35		E
36	37
37	27
	52
38	39
39		E
40	41
41	42
42	55
	56
43		E
44	45
45	60
	65
46	47
47	48
48		E
50	51
51	61
	68
52	53
53	54
54		E
55		E
56	57
57	58
58	59
59	66
	69
60		E
61		E
62	63
63	64
64	72
	76
65		E
66	67
67		E
68		E
69		E
70		E
71		E
72	73
73	74
74	75
75	79
	80
76	77
77	78
78	83
	103
79		E
80	81
81	82
82	87
	88
83	84
84	85
85	86
86	104
	108
87		E
88	89
89	90
	94
90	91
91	93
93	71
	97
94	95
95	96
96	98
	100
97		E
98	99
99		E
100	101
101	102
102		E
103		E
104	105
105	106
106		E
108	109
109	110
	112
110	111
111		E
112	113
113	114
	116
114	115
115		E
116	117
117	118
118		E
