# ---
# group  : Katz
# id     : 09-68
# gbid   : 1893
# series : Play-It-Your-Way Sports Books
# title  : Defending Champions
# author : Mitch Gelman
# credit: 
#   - name : Jeremy Douglass
#     role : encoder
#     date : 2018-04-13
# render:
#   - name   : small
#     styles : gvStyles-small.txt
#     engine : dot
# comment: >
#     
# ---

#From	To	Label	Comment

1	2
2	3
3	4
4	5
5	6
6	7
7	8
8	9
9	10
10	11
11	12
	61
12	13
13	14
14	15
15	16
16	97
	38
17	18
18	19
19	43
	67
20	21
21	22
22	23
23	32
	56
24	25
25	26
26	27
27	108
	104
28	29
29	31
31		E
32	33
33	34
34		E
35		E
36	37
37	115
	50
38	39
39	40
40	41
41	42
42	100
	24
43	44
44	45
45	110
	102
46	47
47	49
49	87
	76
50	51
51		E
52	53
53	54
54		E
55		E
56	57
57	58
58	59
59	52
	36
60		E
61	62
62	63
63	64
64	70
	35
65	66
66		E
67	68
68	69
69	90
	55
70	71
71	79
	72
72	74
74	75
75		E
76	77
77	78
78	88
	95
79	80
80	81
81	82
82	83
83	20
	17
84	85
85	86
86		E
87		E
88	89
89		E
90	91
91	93
93	94
94	99
	65
95	96
96		E
97	98
98		E
99		E
100	101
101		E
102	103
103		E
104	105
105	107
107	84
	112
108	109
109	116
	46
110	111
111		E
112	113
113	114
114	60
	28
115		E
116	117
117	118
118		E
