# ---
# group  : Katz
# id     : 09-67
# gbid   : 1892
# series : Play-It-Your-Way Sports Books
# title  : Opening Day
# author : Mitch Gelman
# credit: 
#   - name : Jeremy Douglass
#     role : encoder
#     date : 2018-04-13
# render:
#   - name   : small
#     styles : gvStyles-small.txt
#     engine : dot
# comment: >
#     
# ---

#From	To	Label	Comment

1	2
2	3
3	4
4	5
5	18
	6
6	7
7	8
8	9
9	35
	10
10	11
11	12
12	13
13	97
	38
14	16
16	17
17	116
	24
	40
18	19
19		E
20	21
21	79
	80
22	23
23		E
24	25
25	26
26		E
27		E
28	30
30	31
31		E
32	34
34	46
	50
35	61
	70
36	37
37	27
	52
38	39
39		E
40	41
41	42
42	44
	55
43		E
44	45
45	115
	65
46	48
48	49
49		E
50	51
51	60
	22
52	53
53	54
54		E
55		E
56	57
57	58
58	59
59	69
	66
60		E
61	62
62	63
63	64
64	20
	76
65		E
66	67
67		E
68		E
69		E
70		E
71	72
72	73
73	74
74	75
75	36
	32
76	77
77	78
78	87
	83
79		E
80	81
81	82
82	102
	88
83	84
84	85
85	86
86	108
	104
87		E
88	89
89	90
	94
90	91
91	92
92	93
93	100
	110
94	95
95	96
96		E
97	98
98	14
	71
99		E
100	101
101		E
102	103
103		E
104	105
105	106
106		E
108	109
109	112
	99
110	111
111		E
112	113
113	114
114	68
	28
115		E
116	118
118	56
	43
