# 10-60 TwistaPlot 07 Video Avenger
# Jeremy Douglass
# 2017-08-25

# This book uses:
# -  page numbers for references
# -  current reading time/day for random events

1		Beware
2	4
4	5
5	11
	12
6	72
	22
7	19
	70
8	9
9	17
	42
10		E
11	7
	15
12	6
	20
13		E
14	83
	82
15	34
	29
16	46
	50
17	42
	18
18	40
	43
19	48
	58
20	67
	27
21		E
22	23
23	11
	16
25	26
	55
	64
27	35
	45
	28
28	43
29	47
30	31
31	34
	29
32		E
33	40
34	56
	70
35		E
36		E
37		E
38	39
39		E
40	41
41		E
42		E
43		E
44		E
45	5
46	30
	25
47	93
	33
48	59
	61
50		E
51	52
52		E
53	54
54		E
55		E
56	57
57	36
	37
58	62
	68
59	60
60	51
	53
61		E
62	65
	66
64	48
65		E
66		E
67	25
	21
68	69	date sums even
	38	date sums odd
69	85
	79
70	71
71	73
	74
72	8
	44
73	10
	76
74	75
75	77
	78
76		E
77	32
	84
78	91
	80
79		E
80	81
81	14
	13
82		E
83	25
84	86
85		WIN
86	90
	88
88	89
89		E
90	56
91	92
92		E
93	56
	29
