1	3
2		17
	82
	41
3	6
6	7
7		9
	13
	82
	33
8		9
	60
	33
11		27
	112
13	8
	15
14	32
	48
15	19
16		17
	26
	71
19		9
	60
	33
20		21
	98
	30
23		27
	65
	107
24	50
25		99
	42
	124
26	52
		27
	52
29	20
30	119
	40
32	85
33		9
	2
	41
34		35
	70
	120
37	62
		63
	43
39	20
40		21
	75
	34
	105
41	45
42	129
43	117
	62
45		17
	26
	60
	37
	16
47	21
	30
	87
47	37
48	49
49		109
	37
	72
50	69
	26
	60
	37
52		27
	14
	96
53	37
55	56
56		27
	81
	76
	108
57	67
58	113
	23
60	126
	61
61		99
	95
	117
62		63
	26
	60
65		109
	105
	88
67		109
	105
	14
68	78
69		35
	115
	55
	101
	103
70	50
71	91
	30
72	73	
73		27
	96
	14
74		63
	68
	105
75		17
	91	
	121
76	11
	86
78	50
79		17
	91
81	58
82	114
	83
83		17
	103
	41
85	118
	90
86		27
	107
	81
87		21
	111
	30
88	93
	57
90		109
	81
	24
91		17
	121
	82
92		63
	117
	53
93	112
95	102
96		27
	76
	81
97		99
	13
	117
98	25
		99
	30
101		63
	53
102	97
103		21
	30
	75
105	128
	106
106		21
	39
	82
107		27
	79
	112
108		109
	88
	105
111	129
112		27
	79
	47
113		27
	65
	107
114		17
	29
	24
	41
115		35
	120
117	85
118		109
	88
	81
119		21
	34
120		35
	92
	74
121		17
	26
122	123
123	127
124	60
125	98
126		99
	24
	13
128		21
	125
	46
129	98
	124
	122
	24

