# ---
# group  : Katz
# id     : 
# gbid   : 
# series : 
# title  : 
# author : 
# credit: 
#   - name : Kylie McGregor
#     role : encoder
#     date : 2017-08-28
#   - name : Jeremy Douglass
#     role : editor
#     date : 2017-10-19
# render:
#   - name   : small
#     styles : gvStyles-small.txt
#     engine : dot
# comment: >
#     
# ---

1	4
4	10
7		17
	20
	16
17	7
8		17
	44
17	8
9	23
	12
10	11
11	14
12		21
	31
	28
21	12
14		17
	20
	16
17	14
15		17
	86
17	15
16	8
	19
19		17
	31
	24
17	19
20		21
	9
	26
21	20
23		21
	39
21	23
24	15
	25
25		17
	44
	86
17	25
26		21
	37
	33
21	26
27		21
	68
	38
21	27
28		29
	92	
	50
29	28
31		17
	9
	44
17	31
33	77
	27
34		53
	92
	52
	82
53	34
36		21
	68
21	36
37		21
	33
	68
21	37
38	45
		21
	49
	28
	77
21	38
39	33
40	122
		41
	43
41	40
43		41
	57
	55
41	43
44		17
	60
	24
17	44
45		21
	49
	28
21	45
46	128
		47
	111
	7
47	46
49		29
	82
	92
29	49
50	51
		41
	92
	61
41	50
51		41
	40
41	51
52		53
	75
	65
53	52
55		41
	88
	62
	85
41	55
57	7
	71
	83
58		41
	40
41	40
60	74
61	123
		29
	50
29	61
62		63
	81	
	84
	88
63	62
65		41
	52
	57
	55
41	65
67		41
	7
	102
41	67
68	113
	69
69		29
	86
	33
	82
29	69
70	81
71		41
	58
	67
73		29
	61
74		17
	124
	86
17	74
75	34
	70
	116
76		53
	92
53	17
77		21
	68
	38
21	77
78		79
	120
	75
	105
81	121
	95
82	109	
		53
	76
	75
53	82
83	7
84		63
	95
	91
63	84
85	94
86	90
		17
	44
	74
	24
17	86
88	129
	89
89		63
	108
	94
	55
63	89
90		17
	24
	74
	44
17	90
91	132
		63
	114
	88
63	91
92	73
	93
93	7
	75
94	125
		63
	97
	102
	88
63	94
95		53
	99
	120
53	95
96	101
	120
	78
97		63
	91
	102
63	97
99	104
	103
101		53
	82
	120
	99
53	101
102	36
	94
103		53
	96
53	103
104		53
	96
53	104
105	117
	106
106		47
	46
	118
	114
47	106
108		63
	85
63	108
109		53
	52
	101
	120
	99
	81
53	109
111	112
112	102
113	82
114		47
	46
	91
116	7
117		47
	46
	118
	114
47	117
118	119
119	126
120	7
121	95
112		41
	57
	55
41	112
123		29
	50
29	123
124		41
	102
41	124
125		63
	88
	55
	97
	102
63	125
126	100
128		47
	75
	114
	102
	111
47	128
129	7
	130
131	133
132		63
	88
	62
63	132
133		63
	85
	55
