1	11
2	4
4	5
5	6
6		7
	9
9	7	
	17
	46
10		77
	84
	73
11	2
13	21
	16
14	15
15		7
	41
	96
16		25
	14
	24
	28
17		7
	22
	105
	20
18	19
19		43
	38
	73
20	23
21		25
	24
	28
22	13
23		59
	48
	61
24	48
27	48
28	32
	13
30	13
31	95
	106
32	45
	33
33		25
	42
	96
	27
34	114
	36
35	76
36	86
38	40
	65
40		43
	30
	10
41		7
	17
	46
42		43
	38
	47
	27
45		25
	42
	27
46		59
	23
	123
47	84
	128
48	69
	52
50	51
51		59
	58
	22
52	57
53	54
54	55
55	56
56		63
	123
	62
57	53
58		59
	66
	98
61	75
	50
62		63
	66
	10
65		43
	89
	96
66	103
	67
67	74
68	72
69		59
	61	
	62
70		121
	66
71		43
	34
72		63
	41	
	35
73		43
	28
	108
74	80
75		59
	76
76		77
	10
	89
79	71
	113
80	81
81	68
82		125
	102
83		43
	34
84	102
86	31
87	13
89	79
	94
90	93
91	118
	62
92		43
	115
	118
93		77
	71
	83
94	90
	87
95	82
96	124
	107
98		25
	105
	41
99		125
	70
	101
	120
	133
100	30
	96
	66
	42
101		121
	22
102	134
		43
	38
	96
103		63
	96
	89
105	92
	18
106	99
	98
107		125
	115
	108
108		125
	115
	128
109	110
110	130
112		121
	131
	119
113	83
114	99
	98
115	100
	117
117	30
	96
	66
	42
118		43
	96
	115
119		121
	66
120		121
	96
123		63
	62
	22
124		125
	108
	115
127		121
	109
	112
128		43
	73
	118
131	84
133		121
	119
	127
	131
134	91
	128
