# ---
# group  : Katz
# id     : 
# gbid   : 
# series : 
# title  : 
# author : 
# credit: 
#   - name : Kylie McGregor
#     role : encoder
#     date : 2017-08-25
#   - name : Jeremy Douglass
#     role : editor
#     date : 2017-10-19
# render:
#   - name   : small
#     styles : gvStyles-small.txt
#     engine : dot
# comment: >
#     
# ---

#From	To	Label	Comment

1	3
3	4
4	8
5	29
6	9
8	15
9	17
10	11
11		19
	72
	89
13	14
14		77,101
	88
	58
15	6
16		49,39
	48
	34
17		19
	89
	26
20	58
21	32	
	40
23	24
24		61
	46
25	5
26	16
	10
28	44
	125
29	20
	33
	107
32		77
	55
33		61
	60
34		113
	37
36	23
37		39
	13
40	50
	42
41		49,101,31,19
	58
	48
	26
	5
42		43
	69
44		43,77
	40
	74
45	51
46	47
47		61,39
	127
	34
48	68
		49
	78
50	90
	105
51	52
52	123
54	63
	21
55	65
56	100
	62
58		101
	28
59	122
60	104
		61
	66
62		101
	28
63	40
65	25
	114
	91
66	67
67	36
68		49,39
	128
	34
69	70
70	71
71	73
72	85
73		81
	80
74	120
	75
75		61,81
	127
	80
78	79
79	97
80	98
	82
82	116
83		101
	59
	45
85	126
	74
86	87
87	118
	80
88	121
	94
89	92
90	55
91		31,61,101

	5
	60
	58
92	85
94	107
95		39,43,19
	130
	5
	26
97	86
98		61
	60
99	108
109	28
102	99
104		61,101
	127
	58
105		61,49
	127
	48
107	85
108	109
109	32
	34
110	102
111	122
113		19,49
	26
	48
114		49,39,101
	59
	111
	83
115		77,81,43
	88
	118
	5
116	117
117		77
	88
118	95
	110
120		39,101
	54
	56
121	32
	125
122		49,39,101
	59
	111
	45
125	54
126	74
127	41
	131
128	115
	129
129	32
	80
130		39
	113
	54
131	32
	5
