# ---
# group  : Katz
# id     : 
# gbid   : 
# series : 
# title  : 
# author : 
# credit: 
#   - name : Kylie McGregor
#     role : encoder
#     date : 2017-08-30
#   - name : Jeremy Douglass
#     role : editor
#     date : 2017-10-19
# render:
#   - name   : small
#     styles : gvStyles-small.txt
#     engine : dot
# comment: >
#     
# ---

1	3
3	9
4	95
5	6	
6		7
	49
9	29
10	81	
	14
11	53
12		7
	40
	61
13	60
	16
14	17
16		7
	86
17		55
	119
	92
18	79
	41
19	92
20		7,21
	13
	99
23	133
	27
24	41
25		21
	13
27		117
	126
28	87
	35
29	5
30	31
31	52
32		129
	125
	51
	85
33		63
	85
	98
35	57
36	68
37	104
	84
38	89
40		63
	24
	84
41	33
	43
43		63
	109
	98
44	109
45		7,129
	67
	68
46		101
	23
48		129
	77
	85
49	54
51	114
	45
52	73
	36
53	123
	59
54		55
	127
	4
57		7
	40
	61
59	65
60		21
	86
	99
61		129
	72	
	78
62		63
	24
	76
65	128
66	21
	13
	128
67	46
	100
	110
68	94
	115
70		129
	48
	18
71	32
	75
72	51
73	80
	106
75		129
	125
	114
76	85
	98
77		101
	62
	73
	126
78	41
79		129
	114
	99
80		7
	37
	18
	99
81	84
82	90
84		101
	126
	67
85		63
	28
	109
	98
86		55
	119
	109
87	38
	12
89	91
90	95
91		21
	122
	25
92		21,7
	99
	128
94	76
95	106
97	44
	113
98		129
	71
	125
	114
99	131
	106
100		101
	23	
	73
103	55
	25
	92
104	120
106	66
	107
107	20
109	10
110	11
111	125
113	116
114	37
	73
115	53
116		7,117	
	30
	52
119	19	
	121
121	11
122		63
	85
	98
123	119
125	70
		55
	103
126		63
	24
127	82
128		129
	111
	122
131		7
	125
133	97
