1	2
2	4
4	6
5	76
6		7
	24
	10
8		9
	39
	83
10	21
11	115
	101
	34
13	22
14	125
	100
15	124
16	126
	58
18	23
19		7
	16
21	25
22	55
23		7
	75
24	19
25	27
26	109
	54
27	28
28		29
	74
30	45
	36
31	51
	62
33	39
34	130
	50
	117
35		7
	84
36	38
38	42
39	67
	66
40	8
41	31
42	43
43		7
	46
45		7
	31
46	14
	47
47	26
48		49
	128
50	88
	115
	52
51	46
52	53
53	115
	88
	95
54	60
55		7
	102
	89
56	70
58	40
59		7
	15
	108
60	19
62	129
63	71
65	59
66		9
	94
	83
67	30
70	104
	72
71	112
72		73
	33
	77
74		29,7
	26
	19
75	123
76	114
77		73
	82
	84
79		7
	35
	129
80	81
81		7
	15
	108
82		7
	99
	97
	84
83	131
	39
	122
84	123
	86
85	80
86	98
88	39
	83
89		7
	65
	46
91	5
92	15
93	85
	128
94		7
	41
	16
95	116	
	88
	92
97	11
	115
	101
	34
98	63
99	108
100	118
	65
101	92
102	107
	103
103	110
104	77
	33
105	102
	89
106	79
	129
107		111
	120
	124
108	106
	121
109	19
110		111
	99
112	113
113	91
114		7
	120
	102
115	26
116	92
	69
	88
117		7
	56
	99
118	93
	48
120	94
	41
121		7
	79
	129
122		7
	82
	56
123		7
	102
	127
	31
124	105
	13
	18
125		7
	79
	129
126		9
	39
	83
127		7
	56
	16
128	65
129	115
	124
130	50
	117
131	122

