7	8
8	9
9	10
10	12
	104
12	14
14	15
15	16
16	17
17	18
18	19
19	20
20	103
	22	
	105
22	23
23	24
24	25
25	26
26	27
26	29
29	31	
31	32	
32	33
33	34
34	108
	36
	120
36	37
37	38
38	39
39	40
40	41
41	42
42	44
	110
44	45
45	46
46	47
47	48
48	49
49	50
50	52
	112
	111
52	53	
53	54
54	55
55	57
57	58
58	60
	113
	114
60	61
61	62
62	64
64	66
66	67
67	68
68	69
69	70
70	72
	115
72	73
73	74
74	76
76	77
77	78
78	116
	123
	80
80	81
81	82
82	84
	122
	117
84	85
85	86
86	118
	88
88	89
89	91
91	92
92	94
	125
94	95
95	97
97	98
98	100
	126
100	101
103		E
103	20	R*
104		E
104	10	R*
105	106
106		E
106	20	R*
108	109
109		E
109	34	R*
110		E
110	42	R*
111		E
111	50	R*
112		E
112	50	R*
113		E
113	58	R*
114		E
114	58	R*
115		E
115	70	R*
116		E
116	78	R*
117		E
117	82	R*
118		E
118	86	R*
120		E
120	34	R*
122		E
122	82	R*
123	124
124		E
124	78	R*
125		E
125	92	R*
126		E
126	98	R*