0	44	BC
0	122	BC
6	47
6	124
10	127
14	54
14	22
14	141	AV
18		E-BAD MONSTER
19	143	AV
19	45	AV
19	131	AV
22	88
25	26
	26	EBD
27	106
30	31
	31	E-OK	HOME
32	75
32	19	AV
34		EBD	NO ROMANCE
35	72	AV
35	89
35	18	AV
41	90
41	142
44		E-BAD	MAGIC
45	56	AV
45	78	LOV
45	101	AV
47		EBD
48	49
	49	E-BAD 	NO ROMANCE
50	123
50	62
52	121	LOV
52	85
54	76
55		EBD
56	58
	58	EBD
59	100
59	128
62		EBD
63	32	LOV
63	87	LOV
68	59
72	144	AV
72	50	AV
75	19
76	102
76	84
78	127
79	14	LOV
79	52
84		E-OK
85	98
85	55	AV
85	129
87	75
87	19
88	119	AV
88	34		ESCAPE
88	139		HIDE
89	40
90	149
90	134
97		EBD
98	112
100	44		GENDER CHOICE
100	122		GENDER CHOICE
101	41
102	148
102	137
105		E-BAD
106	132
106	48
112	35	AV
112	25		NO AV
112	30		NO AV
119	27
121	63
121	138
122	145
123	143
124	79
127	88
128	145
129	112
131	41
132	68
134	153
137	88
138	76
139	27
140	10
141	63
142	78	AV
142	56	AV
143	147	AV
143	140		NO AV
143	105
144	127
145	97
145	150
147	10
148	88
149	153
150	152
152		EGR
153	157	
157		EGR