6	13	JOIN-M
6	16	JOIN-W
13	15	E-BAD
13	15	DS
16	23
17	31	AV
17	33	AV
23	17
23	28
28	41
28	44
31	36
33	36
35		EBD
36	47
36	53
41	56
41	58
44	46
46		E-OK
47	60	LOV
47	65	LOV
53	55
55		E-OK
56	57
57		E-OK
58	17
60	70
64		EBD
65	68
65	75
68	70
70	78
70	82
75	88
75	85
78	95	AV
78	91	LOV
82	98	LOV
82	78	
85	70
88	90
90		E-OK
91	107	FIGHT
91	105	FLIGHT
95	97
97		E-OK
98	112
105	106
106		E-BAD
107	112
111		E-BAD
112	123	LOV
112	118
118	126	JOIN-M
118	139
123	125
125		E-OK 		ROMANCE
126	35	LOV
126	64	AV
126	130	JOIN-M
130	111	FLIGHT
130	134	FIGHT
134	145	LOV
134	140	JOIN-M
139		EBD
140	151
140	148
145	146
146		E-OK		ROMANCE
147		EGR
148	147	LOV
148	153
151		EBD
153	157
157		EGR