6	41
6	27
6	15
13	128
13	101
15	35
15	60
19	47
19	98
27	50
30	45
30	113
32	65
35	54
41	19
41	58
43	65
45	65
47	49
49		E-OK 
50	92
50	56
53		E-GOOD	ROMANCE
54	82
54	115
56	123
56	154
58	89
60	83
60	91
64		E-BAD	MONSTER
65	53
65	141
70	13
75	70
75	119
78	81
81		E-GOOD	ROMANCE
82		E-BAD	MONSTER
83	54
87	88	E-OK 
89	64
89	109
91		E-BAD	MONSTER
92	94	E-OK
95	130
98	89
101	137
101	152
109	30
111	30
113	145
113	127
115	43
115	32
119	13
121	130
123	111
123	75
127		E-BAD	MAGIC
128	101
130	87
130	155
137	139
	139	E-GOOD	ROMANCE
140		E-BAD 	NO ROMANCE
141	95
141	121
145	78
145	140
152	153
153		E-GOOD	ROMANCE
154		E-BAD	MONSTER
155	157
157		E-GOOD	ROMANCE