0	123	BC
0	154	BC
6	41	AV
6	27	AV
6	15	AV
13	128
13	101
15	35
15	60
19	47
19	98	LOV
27	50
30	45		ALONE
30	113		WITH LOVE INTEREST
32	65
35	54
41	19	AV
41	58		NO AV
43	65
45	65
47	49
49		E-OK 
50	92
50	56
53		EGR
53		DS
54	82	AV
54	115
56	123
56	154
58	89
60	83		NO AV
60	91
64		EBD
65	53	DS
65	141	AV
70	13
75	70	AV
75	119		NO AV
78	81
81		EGR
82		EBD
83	54
87	88	E-OK	NO ROMANCE 
89	64		NO AV
89	109	AV
91		EBD
92	94	E-OK
95	130
98	89
101	137
101	152
109	30
111	30
113	145
113	127
115	43	AV
115	32		JEALOUSY
119	13
121	130
123	111
123	75
127		E-BAD
128	101
130	87
130	155	AV
137	139
	139	EGR
140		E-BAD 	NO ROMANCE
141	95
141	121
145	78	LOV
145	140
152	153
153		EGR
154		EBD
155	157
157		EGR