0	122	BC
0	122	BC
0	75	BC
6	18	DS
6	22	AV
17	39
18	20 
20	21	E-BAD	NO ROMANCE
22	34	AV
22	30	FLIGHT
30	20
31	39
34	17	JOIN-M
34	31	AV
39	51	JOIN-M
39	44	AV
44	47	EBD
48	69
51	62
51	48
61	84
62	69
64	86	LOV
64	122	LOV
64	75	AV
69	72	LOV
69	80	AV
69	79	AV
72	74	EBD
75	78	EBD
79	84
80	82	FLIGHT
80	61		THINK
80	93	AV
82	91
84	91
86	97	LOV
86	102	LOV
86	94	AV
91	64
93		EBD	NO ROMANCE
94	96	EBD
97	104	LOV
97	106	LOV
102	119
104	108	LOV
104	112
106	108
106	112
108	111	EBD		NO ROMANCE
112	133
116	132	LOV
116	127
119	116	LOV
119	128	LOV
122	119
127	130
128	132	LOV
128	127
130	133
132	130
133	141	LOV
133	137
133	144	LOV
137		E-BAD 		NO ROMANCE
138	147
138	144
141	138	LOV
141	143
143	153	AV
143	148
147	150
150	155
150	149	FIGHT
153	154	E-BAD		NO ROMANCE
155	156
156	157	
157		EGR
