6	110
6	99
13	129
13	115
15		E-OK
16		E-OK
17	61
17	74
26	72
26	153
28	53
28	13
28	68
31	70
31	43
34	152
34	65
36	38	
	38	E-OK
39	85
43		E-BAD
44	56
44	92
47	79
47	34
53	55	
55		E-GOOD
56	90
56	31
61		E-BAD
62	64	
64		E-BAD
65	93
65	81
68	69	
69		E-BAD
70	51
72		E-BAD
74	77	
77		E-GOOD
78	15
79	113
79	131
81	39
81	106
84	109
85	137
85	17
90	94
90	78
92		E-BAD
93	81
94	15
94	146
97		E-GOOD
99	132
99	47
106	113
106	131
109		E-BAD
110	145
110	122
113	114	
114		E-BAD
115	116	
116		E-GOOD
117	97
117	16
122	26
122	36
129	109
131	85
132	47
132	44
137	117
137	62
145		E-BAD
146	84
146	28
152		E-BAD
153	157	E-GOOD

