1	10
1	19
3	4
4	8
5	12
5	40	AV
6	61
8		EGR
9		EBD
10	25	AV
10	31		NO AV
12	57
14	65
16	17
16	51
17	9
18	20
19	58
20	30
20	53
21		EBD
22	38
24		E-BAD
25	28
26		E-OK
27	45	LOV
27	37		GROUP
28	27
30	32
30	52
31	5
32		EBD
33		E-GOOD
34	64
36	72
37	22
37	3	AV
38	39
39	59
40	68
41		EBD
42	16
44		E-OK
45	60
46	50
46	67
47	48
48	71	AV
48	21
50	24
51	54
52		E-GOOD
53	56
54	66
56		EBD
57	46
57	6
58	14
58	62
59		EBD
60		EBD
61		EBD
62	47	AV
62	18	AV
64	36
65	42
66	34
66	41	AV
67	44
68	70
70		EBD
71	26
71	33
72		E-GOOD