1	2
2	3
3	4
4	5
5	6
6	7
7	8
8	9
9	24	Tower of Spiders
	40	Tower of Hands
	60	Tower of Bones
	48	Tower of Eaters
	32	Tower of Beasts
10	110
	19
11	40
12	22
	86
13	43
	26
14	56
	36
16	12
	34
17	10
	45
18	28
	41
19	116
	113
20	33
	49
21	122
24	106
	18
25	119
26	27
27	119
	108
28	77
	44
29	12
30	76
	121
32	10
	45
33	95
34	35
35	80
	98
36	37
37	82
	99
40	12
	34
	92
41	84
	114
42	110
43	68
	97
45	46
46	47
47	51
	104
48	72
	90
49	95
50	13
52	71
	22
54	55
55	52
56	62	Ride tarantula
	88	Climb to top of Tower of Spiders
58	122
60	20
	30
61	14
	88
62	63
63	40
65	66
66	67
67	122
68	95
69	122
70	105
	118
72	54
	90
74	75
75	95
76	20
	44
77	52
78	25	Leap to Tower of Eaters
	102	Try to Outrun Yeti
80	81
81	115
	58
82	62	Ride tarantula
	88	Climb to top of Tower of Spiders
84	106
86	74
	44
87	11
88	89
89	122	Slide down chute
	94	Leap to Tower of Beasts
90	50
	13
92	16
	107
94	25	Leap to Tower of Eaters
	102	Try to Outrun Yeti
95	70
	100
96	18
97	112
	38
98	29
	119
100	87
	111
102	96
	69
	18
103	91
	65
104	78
105	119
106	14
	88
108	83
	17
110	57
	78
111	103
112	119
113	61
	42
114	52
116	120
	42
118	103
119	21
	64
120	11
121	95
122	123
123	124