1	4
	3
3	5
	44
4	75
	80
	82
5	6
	7
6	8
7
8	10
	12
	11
10
11	16
	15
12
15	18
	17
16
17	20
18	19
19	20
	23
20	21
21	24
	31
23	
24	27
	36
25	47
	28
27	84
	25
28	29
29	32
	34
	46
	40
30	42
	38
	86
31
32
34	35
35
36
38	39
39
40	30
41	48
42	43
43	41
	50
44
45	48
46
47	
48
50
51	41
	53
	61
53	48
	54
54	88
	59
	56
56	57
57	
59	63
	60
	64
60
61	48
63	90
	66
64	65
65
66	67
67	92
	68
68	69
69	74
	72
70	71
71
72	73
73			# a printing error "continue to page 23 -- but don't"
74
75	77
	78
77
78
80	81
81
82	
84
96	70
88	89
89
90	91
91	96
	94
92	93
93	
94	95
95
96	97
97

	