1	3
3	4
4	44
	20
5	6
6	83
	50
8	9
9	11
11	94
	39
13	70
14
15	16
16	86
	30
18	19
19
20	21
21	14
	34
22	27
24	25
25	53
	84
27	78
	69
28	29
29	
30
31
32
34	35
35	37
37	15
	13
	73
39	18
	60
40	41
41
42	43
43	32
	8
	62
44	45
45	20
	49
46	47
47	22
	40
49	65
	28
	80
50	51
51	24
53
54	57
56
57
59
60	61
61	90
	98
62	63
63
64	66
65
66	67
67	87
	42
	31
69	
70	71
71	77
	96
72
73
75
77	89
	56
78	79
79	81
	54
80
81
83
84	85
85	64
	72
86
87	99
	75
88	89
90	91
91	92
92	93
93	46
	88
94	95	
95
96	97
97	5
	59
98
99




