1	2
2	39
	3
3	4
4	5
	34
	55
5	6
6
7	8
8
9	75
	16
11
12
13
14
15
16
17
18
19	21
21	15
	59
22	23
23	29
	52
24	25
25	41
	17
27	28
28	13
	7
29
30
31	32
32	57
	35
33	37
	56
34	
35	36
36	61
37
39	40
40	12
	19
	30
41	42
42	22
	18
43	44
44	14
	49
	67
45	46

46	63
	78
47
49
50	51
51	93
	83
52	53
53	33
	79
54
55
56
57
59	60
60	43
	47
61	62
62	65
	104
63	64
64	50
	85
65	66
66	86
	103
67	68
68	27
	9
69	70
70
71
73
75	76
76	11
	24
77
78
79	45
80
81	82
82	91
	105
83	84
84	54
	31
85
86	69
	88
88	73
	101
89	90
90	81
	71
91
92
93
94	96
	102
96	80
	100
97	98
98	112
	113
100	97
	111
101	107
102
103
104
105	106
106	92
	94
107	109
109	110
110	77
	89
111
112
113	114
114
