1	2
2	3
3	4
4	5
5	9
	6
6	7
7	8
8	12
9	10
10	11
11	14
	18
12	13
13	16
	21
	35
14	15
15	24
16	17
17	65
	55
18	19
19	20
20	27
21	22
22	23
23	31
	42
24	25
25	44
	39
26
27	28
28	29
29	30
30	57
	62
31	32
32	33
33	48
34
35	36
36	37
37	38
38	111
39	40
40	41
41	49
42	43
43	83
44	45
45	86
	107
46
47
48	80
	69
49	84
50	51
51	52
52
53
54
55	56
56	71
57	58
58	59
59	98
	116
60	61
61
62	63
63	64
64	108
	114
65	66
66	89
	102
67	68
	26
68	106
	117
69	70
70
71	72
72	73
73	74
74	99
	54
75	76
76	77
77	94
78	47
	79
79
80	81
81	82
82	85
83	93
84	34
	100
85	103
	53
86	87
87	88
88
89	90
90	91
91	92
92
93
94	95
95	96
96	97
97	
98
99	
100	101
101
102	105
103	104
14	60
105	78
106
107	75	
	67
108	109
109	110
110
111	112
112	113
113
114	115
115	50
	46
116
117	118
118	119
119	120
120
