1	2
	4
2	3
3	4
	7
4	5
5	6
6	21
	94
7	8
8	9
9	12
	18
10	11
11	24
	69
12	13
13	14
14	15
15	28
	31
16	17
17	105
	109
18	19
19	20
20	30
	34
21	22
22	23
23	10
	115
24	25
25	79
	83
26	27
27
28	29
29	41
	35
30	37
	44
31	32
32	33
33
34
35	36
36	48
	54
37	38
38	39
39	40
40
41	42
42	43
43	47
	50
44	45
45	46
46	49
	53
47	63
	64
48	54
49
50	51
51	52
52	57
	60
53
54	55
55	56
56	59	
	62
57	58
58
59	
60	61
61
62
63	
64	65
65	66
	71
66	67
67	68
68
69
70	
71
72	73
73	74
74	75
75	80
	87
76
77	78
78
79
80	81
81	82
82	93
	76
83	84
84	85
85	86
86	91
	100
87	88
88	89
89	90
90	16
	97
91	92
92	102
	108
93	104
	107
94	95
95	96
96	70
	72
97	98
98	99
99	106
	110
100	101
101
102	103
103
104	112
	114
105
106
107
108
109
110	111
111
112	113
113
114
115	116
116	117
117	118
118	77
	26