1	34
	76
2	9
	62
3	89
4	94
4		L
5	14
	82
6	95
7	13
8	52
	80
	100
8		L
9	24
	84
10	30
	78
10		L
11	72
11
12	16
12		L
13	46
	79
14	25
	45
15
16	5
	43
16		A
17	53
18	104
18		L
19	
20	112
21	55
	75
21		L
22	
23	74
24	65
25	8
	52
	80
	100
26	1
26		L
27	109
	64
28	49
	29
29	49
	28
29		L
30	
31	98
	44
31		L
32	50
	103
33	91
34	58
35	47
	19
36	27
37		L
37	15
	81
38	39
	114
39		A
39	40
40	2
	65
41	42
42	72
	11
43		L
43	74
44	63
	86
45		L
45	85
46	75
	21
	55
47	12
	70
48	53
49	88
	101
50	38
	77
51	
52		L
52	8
	80
	100
53	102
	68
54	35
	60
55	92
	37
56	33
57	6
	95
58	90
	26
59	30
	78
60	35
61	93
	46
62	65
63	7
	51
64	111
65	18
	104
66	96
67		L
67	32
68	
69	59
70		L
70	71
71	85
	16
72	73
73	31
	98
	44
74		L
74	81
	15
75		L
75	21
	55
76	58
77		L
77	50	
	103
78	27
	36
9	106
	61
80		L
80	8
	52
	100
81	28
82		L
82	2
83	96
84	93
	62
85	16
86	110
	105
87		L
87	103
	50
88	32
	67
88		A
89	91
	56
90		A
	83
	66
91		L
	94
92	74
	23
93	46
	9
94	54
	4
95	99
96		L
96	17
	48
97		L
97	57
98		L
98	31
	44
99	108
	10
100	107
	97
	57
101		L
101	88
102	110
	41
103	38
	87
104	89
	3
105
106	61
107		L
107	97
108	22
	113
	69
109	111
110	41
111	20
112	115
113	59
114	39
115	
