1	2
2	3
3	49
	44
4	63
	93
5	
6	48
	111
7
8	56
	82
10	96
	51
11	63
12
13	75
	55
14	65
	87
15	115	REFER
115		Ending Ratings
16	99
	72
17	29
	104
18	110
	95
19	83
20	41
22	47
	85
23
24	68
25	70
26	115	REFER
27	61
	39
28	34
	87	*printing error, should be page 67
29	24
	90
30	45
	107	REFER
31	28
	89
32	23
	7
33	13
34
36	17
37
38
39	6
40	115	REFER
41	115	REFER
42	43
44	53
	16
	105
47	62
	114
48	115	REFER
49	31
	88
51	26
	38
52	115	REFER
53	22
54	112
57	23
	103
58	5
	71
59	115	REFER	*no rating
60	115	REFER	*no rating
61	6
	20
62	4
	11
64	46
	86
65	58
67	81		*no connecting node
68	74
	42
69	40
70	12
	68
72	73
73	36
	101
74	78
75	60
	109
76	30
	69
77	78
78	115	REFER
79	115	REFER	*no rating
80	115	REFER
81	115	REFER
82	115	REFER
83	115
84	115	REFER
85	54
	10
86	115	REFER
87	33
	102
88	25
	76
89	77
	37
90	8
	57
91	115	REFER
92	91
93	115	REFER
95	115	REFER	*no rating
96	97
97	59
98	115	REFER
99	14
100	84
	64
101	106
102	79
103	115	REFER
104	108
	100
105	27
107	115
108	32
	19
109	115	REFER	*no rating
110	52
	15
112	98
	80
114	18
	92