1		S
1	222
	136
	534
2	349
	180
	249
3	375
4	69
	98
5	545
	260
6	178
7	79
8	532
	325
9	275
	166
	200
10	247
	113
11	516
	96
12	159
	664
	748
	708
	639
	720
13	38
	72
14	318
	99
15		E
16	55
	134
	269
17	392
18	515
	480
19	285
	270
20	141
21	296
22	171
23	462
	707
	647
	790
	758
	605
24	103
	283
25	224
26	137
27	8
28	182
29	209
30	539
31	63
32	538
33	154
34	225
35	301
36	513
	338
37	114
	465
38	288
	367
39	8
40	129
41	54
	541
42	542
43	122
	243
44	467
45	90
46	339
	117
	151
47	256
48	22
	171
49	250
	324
50	133
	273
51	96
52	33
53	112
	18
54	460
	514
	81
55	269
56	235
	299
57		E
58	152
	363
59	183
	257
60	479
61	302
	372
	388
62	293
	419
63		E
64	251
65	458
	305
66	276
	160
67	342
	289
68	479
69	98
70	144
	253
	493
71	296
72	87
	239
73	186
	144
74	33
75	102
76		E
77	141
	428
78	153
	24
79	245
	587
	626
	742
	774
	658
80	42
81	256
	47
82	479
83	441
	314
84	305
85	473
86	70
87	488
	341
	359
88	40
	766
	636
	599
	718
	656
89	333
90	110
	739
	657
	699
	588
	627
	313
91	494
	116
	267
	310
92	241
	278
	491
93	272
	236
94	146
	80
95	253
	493
96	124
97	425
	12
98	120
	414
	259
	673
	767
	696
	604
	725
99	384
100	52
	227
	2
101	392
102	37
	465
103	411
104	282
	231
105	448
106	510
	793
	614
	775
	727
	671
107	351
	172
108	473
109	242
110	340
111		E
112	15
	682
	594
	672
	783
	644
113	304
	791
	643
	736
	749
	667
114	369
	470
115	8
116	382
	417
117	380
118	479
119	70
120	476
121	97
	57
	12
122		E
123	286
	635
	607
	782
	697
	669
124	41
	54
125	48
	291
126	358
127	360
	466
	506
128		E
129	206
	493
	253
130		E
131	90
132	20
	160
133	129
134	269
135	397
	502
	519
136	222
	534
	507
137	3
	297
138	234
	162
	650
	786
	687
	706
	730
139	342
	264
140	357
141	17
	266
142		E
143	19
144	295
	536
	335
145	347
	391
146	141
147	247
148	800
	537
	351
149	195
	570
	549
	327
	457
150	13
	308
151		E
152	21
	71
	252
	92
	363
153	103
	283
	78
154	412
	529
155	441
156	168
	16
157	344
158	198
159	316
	425
160	66
	205
	652
	693
	621
	763
	735
161	9
	258
	74
162	4
163	96
	51
164	481
	397
165		E
166	68
	370
167	77
	306
168	16
169	222
	136
	534
170	203
	23
171	225
	745
	584
	695
	660
	590
172		E
173	377
174	564
	435
175	349
	554
	2
176	206
	193
177	214
178	190
	64
179	422
	437
180	249
	227
	349
181	90
182		E
183	424
	323
	257
184	448
185	344
186	119
	86
187	281
	602
	726
	755
	690
	668
188	545
	456
189	430
190	251
191	377
	213
192	79
193	776
	649
	741
	640
	761
	31
194	96
	523
195	12
196	296
	224
197	479
198	138
	162
	687
	706
	730
	786
	650
199	19
200	527
	429
201	35
	423
202	62
203	333
204	103
205	276
206	416
	311
207	321
208	473
209	371
	354
210	107
	798
	628
	683
	717
	582
211	361
	557
212	479
213	510
	614
	671
	727
	775
	793
214		E
215	399
	230
216	242
	57
217	115
	320
218	57
	12
219	342
220	198
221	53
	630
	795
	702
	662
	750
	18
222	123
	136
	534
223	367
	484
224	196
	415
225	34
	425
226	473
227	410
	349
	249
228	551
229	195
230	236
	93
321	282
232	76
	290
	130
	385
233	61
	287
	8
234	4
235	426
236	140
	91
	310
237	1
238		E
239	262
	359
	488
240	135
241	224
242	48
	125
	149
	57
243	747
	722
	679
	593
	642
244	5
	155
245	546
	486
246	90
	322
247	113
248	182
249	175
	227
	410
250	355
	381
251	270
	373
	592
	619
	794
	752
	709
	296
253	206
	493
	193
254	397
255	58
256	336
	541
257	228
	323
	59
258	275
	197
259	274
	414
	120
	476
260	314
	83
261	448
262	87
	488
	52
263	167
	428
264	387
	487
265	499
266		E
267	310
268	469
	490
	638
	611
	686
	788
	757
269	561
270	230
271	97
	121
272	28
	248
273		E
274	358
	126
275	462
	647
	707
	605
	790
	758
276	141
277	564
	435
278	296
279	60
	212
	118
	511
280	307
	144
281	448
282		E
283	204
	103
284	168
	156
	16
285		E
286	99
	14
	384
287	8
	217
288	440
	352
289	219
	264
290	463
291	271
	218
292		E
293	384
294	449
	670
	784
	711
	613
	732
295	335
	191
	106
296		E
297	3
	187
298	117
	46
299	332
300	344
301	580
302	27
	388
	535
303	473
304	88
	496
305	220
306	141
	428
307	73
	144
308	175
	227
	410
309	62
310	124
311	280
	95
312	344
313	340
314	441
315		E
316	159
317	430
318	99
319	127
	560
320	115
	39
321	7
	192
322	135
323	165
	612
	785
	704
	797
	724
324	220
325	568
	322
326	479
327	12
328	490
	469
	611
	788
	638
	757
	686
329	58
330	446
	553
	396
331	451
332	497
	128
333		E
334	631
335	566
336	541
337	356
	389
338	450
	661
	598
	701
	778
	716
339	378
	522
340	135
341	262
	239
	52
342	439
	10
343	430
344		E
345	573
	517
346	469
	558
347		E
348	418
349	249
	410
	227
350	539
351	434
	148
	637
	743
	591
	781
	703
352	223
	484
353	489
	436
354	174
	277
355	284
356	374
	427
357	28
	248
358	189
359	52
	488
	262
360	517
	573
361	199
	215
362	505
	645
	700
	729
	768
	674
363	512
	296
364	474
	432
365	479
366	328
	574
367	440
	223
368		E
369	499
370	462
	605
	647
	790
	758
	707
371	564
	435
372	353
	388
	535
373	452
	531
	478
	270
374	402
375	562
	544
	524
	501
	455
	433
	409
	105
	261
	184
	315
376	550
	482
377	566
378	413
	522
379	344
380	530
	36
381	284
382	310
383	331
	509
384	339
	298
385		E
386		E
387	219
388	535
	8
	302
389	476
	214
	427
390	6
	573
391	445
	463
392	185
	498
393	408
	362
	485
	431
394	495
395	405
	96
396	563
397	483
	519
	737
	618
	596
	773
	632
398	84
	305
399	150
400		E
401		E
402	427
	631
403	517
	6
404	123
	534
405		E
406	344
407		reference book 1
408	555
	444
	520
409	448
410	180
	2
	175
411	139
	67
412	508
413	545
	441
414	476
	337
	214
415	296
416	307
	144
	253
	493
417	310
418		E
419	222
	136
	293
420		E
421	481
	164
422	26
	448
423	385
424		E
425	233
	325
	135
426	124
427	710
	666
	694
	753
	601
	476
	214
428	542
	42
	94
429	578
	326
430	394
	712
	646
	789
	721
	655
431	485
432	572
	50
433	448
434	430
435	441
436	388
	535
437	137
438	447
	517
	733
	30
	75
	229
	631
	579
	407
	500
	420
439	92
	147
	113
440	484
	223
441	350
	539
442	576
	163
443	263
	547
444	362
	485
445	463
446	453
	688
	738
	756
	765
	641
447		E
448	236
449	401
450	543
451	397
452	270
	651
	619
	709
	592
	691
453	44
454	102
455	448
456	441
	545
457	425
458	398
	305
459	45
	246
460	81
461	449
	613
	711
	732
	670
	784
462	365
463	580
464	395
	516
	11
465	355
	381
	37
466	403
	360
467	393
	325
	109
468	201
	122
	232
469	404
	534
470	220
	265
471	170
	89
472	493
	193
473	85
	303
	226
	108
	208
	310
474	40
	718
	636
	656
	766
	599
475	576
	443
476	142
	177
477		E
478	270
479	6
	517
	319
480	386
	515
481	397
482	360
483		E
484		E
485	532
	233
486	430
487	577
488	52
	341
489	436
490	469
	346
491	296
492	179
	565
493	553
	330
	206
	253
494	85
	303
	226
	108
	208
495		E
496	556
	364
497	426
498	32
	312
	157
	379
499	65
	603
	777
	734
	623
	689
	49
500	254
501	448
502	383
	397
	754
	653
	616
	779
	723
503	441
504	329
	255
505	348
	485
506	390
	345
	376
507	268
	366
	574
508	375
	43
	122
	232
509	451
510	566
511	567
	279
512	25
	296
513	450
	701	
	778
	598
	716
	661
514	81
515	475
	744
	609
	715
	780
	665
516	633
	606
	675
	740
	762
517	56
	571
	728
	622
	677
	698
	799
518		E
519	18
	221
520	485
521	561
522	244
	188
	746
	772
	685
	760
	620
523	464
	96
524	448
525	371
526	800
527	479
528	459
	181
529	508
530	477
	36
531	143
532	461
	294
533	15
534	309
	169
535	8
536	510
	727
	793
	614
	671
	775
537	526
538	565
	492
539	59
	323
540		E
541		E
542	238
	292
543	441
544	448
545	371
	354
	29
546	317
	343
	486
547	263
548	146
	205
549	12
550	517
	573
551	368
	400
	624
	731
	654
	751
	617
552	4
553	453
	738
	641
	688
	765
	756
554	249
	227
	100
555	362
	444
556	40
	636
	718
	766
	599
	656
557	676
	619
	770
	592
	709
558	384
559	51
	96
560	466
	506
561	162
	138
	730
	687	
	786
	706
	650
562		E
563	44
	176
564	503
	441
565	161
	511
566	472
	493
567	471
	462
	758
	605
	790
	707
	647
568	104
	131
	90
569	215
570	12
571	332
572	129
573	517
	194
574		E
575		E
576		E
577		E
578	82
579	136
580	504
	705
	595
	659
	719
	771
581	552
582	351
583	18
584	769
	12
585	98
586	383
	397
	519
587	245
588	787
589	99
	14
	384
590	225
	769
591	351
592	270
	569
593	145
	463
594	533
	583
595	504
596	397
597	65
598	543
599	40
600	425
601	427
602	281
603	65
604	575
	98
605	462
606	516
	442
607	123
	796
608	172
609	386
610	145
611	490
	663
612	678
	323
613	449
614	510
615	493
	206
	31
616	383
617	368
618	483
	519
619	270
620	244
	188
621	160
	759
622	571
	332
623	305
624	400
	368
625	99
	14
	384
626	79
	245
627	135
	110
628	172
	608
629		E
630	221
631	321
632	344
	397
633	516
	405
634	301
635	123
636	40
637	351
638	469
	490
639	769
	600
640	193
	615
641	453
642	145
	610
643	304
644	15
645	362
	792
646	394
647	74
	462
648	586
649	493
	206
	31
650	162
651	452
	270
652	20
653	502
654	368
	400
655	394
	495
656	40
657	110
658	79
	245
659	504
660	425
661	450
662	112
663	469
664	769
	159
665	443
666	427
	714
667	304
668	281
	448
669	123
	589
670	449
671	510
	566
672	15
673	98
	585
674	348
675	442
	51
	96
676	557
	270
677	426
678	59
679	145
680	66
	205
681	504
	329
682	15
683	351
684	56
685	522
	441
686	469
687	552
688	453
	176
689	65
690	281
691	270
	452
692	172
693	160
694	575
	427
695	769
696	98
	585
697	123
	625
698	332
699	110
700	348
701	450
702	112
703	351
704	323
705	580
	504
706	552
707	462
	479
708	769
709	399
	230
710	427
	714
711	449
712	394
713	245
714	476
	214
715	576
	443
716	441
717	172
	692
718	40
719	580
	681
720		E
721	394
	495
722	145
723	383
	586
724	165
	59
725	98
	585
726	281
727	510
728	571
	684
729	362
730	552
	581
731	368
	400
732	449
733	48
734	499
	597
735	160
	680
736	304
737	483
	519
738	453
	176
739	110
740	442
	405
	559
741	206
	253
742	79
	713
743	351
	537
744	515
	475
745	769
	225
746	522
	441
747	145
	634
748	769
	159
749	304
750	53
751	411
752	270
	251
753	438
754	586
755	281
	629
756	453
757	490
	469
758	462
	479
759	141
760	522
	441
761	31
762	442
763	205
	66
764	426
765	453
766	40
767	98
768	362
769		E
770	270
	557
771	580
	504
772	441
773	344
	483
774	486
775	510
776	193
777	499
	65
778	450
779	383
	648
780	515
	386
781	351
782	123
783	18
784	449
	397
	401
785	165
	59
786	162
	552
787	110
788	490
	469
789	394
790	462
791	304
792	362
793	510
794	251
	270
795	53
796	123
797	165
798	172
	540
799	764
800		E
