19	20
20	22
	90
21	144
	81
	48
	24
	52
21			147 instructions for other reader
22	90
	55
	59
23	64
24	89
25			147
	144
	78
26			147
	144
	98
27			147 
	144
	78
28	43
	58
	83
29	56
	52
	0	refer
0		back cover
30			147
	144
	114
	24
31			147
	144
	80
32	77
	63
33	80
	28
	84
34			147
	144
	78
35			147
	144
	98
36			147
	144
	84
37	79
	85
38	45
	66
	53
39			147
	144
	84
40			147
	144
	120
41	54
	56
42			147
	144
	41
	50
43	36
	100
44	25
	76
45			151
	144
	84
46			147
	144
	56
47	74
	68
48	114
	30
49	144
	51
	57
50			74
	82
	41
	46
51			147
	144
	39
52	37
	42
	46
53	84
54			147
	144
	56
55	44
	86
56			147
	144
	33
57	144
			147
	144
	39
58	38
	61
59	64
	23
60			147
	144
	47
61	45
	62
62	84
63	69
64	91
	21
65	75
66	84
67	71
68	49
	51
69			147
	144
	65
	75
70			147
	144
	120
	98
71			147
	144
	87
72			147
	144
	31
73	99
74			147
	144
	68
75	67
	71
76	27
	34
77			147
	144
	69
78	72
79			147
	144
	41
80			147
	144
	40
81			70
	91
82	41
	46
83	47
	60
84	26
	70
	35
85	41
86	44
87	73
88		Wizard's pixie/Return
89	29
90			147
	144
	55
	59
91			147
	144
	81
	48
	24
	52
92	141
			147
	144
	137
93	135
	110
94	133
	112
95			147
	144
	103
	84
	40
96	138
	134
97			147
	144
	84
	40
98	32
99	120
100	144
	28
	84
	101	refer
102			147
	139
	144
	56
	28
103			147
	144
	84
	40
104			147
	144
	97
	84
	40
105	120
106	107	Refer
107		Fallen Knight Game
106		Return
		
109			147
	105
	108
	144
	123
110			147
	144
	56
	28
111	84
	40
112			147
	144
	124
113			147
	144
	84
	40
116			147
	144
	24
117			147
	144
	84
	40
119	128
	142
120	92
121	84
	40
122			147
	144
	94
123	97
	84
	40
124	96
	144
	96
125			147
	120
126	119
127	120
128			147
	144
	145
129	75
	120
130	138
	126
131	113
	117
	111
	121
132	102
	93
133	124
134	130
	138
135			147
	144
	56
	28
136	104
	108
	95
137	122
138			147
	144
	126
139			147
	144
	56
	28
140	125
	127
	129
141			147
	144
	122
143			147
	144
	145
144		LOST
145		WON
1000		Retreat
	136
	140
	132
900		outside instructions	from other player
900	106
	88