7	22
	27
	30
	94
	49
21	62
	78
22			151-20
22	158		tell other reader 155
	96
	138
23	114
24	59
	59	lose pts
	118
25		return
27			21
27	126		
	31
28			151-11 run combat encounter
28	158		155
28		return
29	158		155
29		return
30	85		98
	100
	107
	00	refer
00		combat table
31			151-22
31	158		155
	9000		41
32			151-9
32	158		155
32		return
33	158		155
33		return
35		return
36			151-15
36	158		155
	9000	
37	00	refer
	158		155
37		E/return
39	55
	73
	53
40	91
	98
41	158		155
41		return
43	92
	75
45			151-19
45	158		155
			49
	9000	
46	76
	103
	129
	63
47	158		155
		E/return
49	00	refer
	35
	101
	133
51	45
	97
	128
52			151-10
52	158		155
52		return
53			112
53	74
	9000	new sec	112,47
55			112
			151-23
55	9000	
55	158		155
56		return
57			51
57	9000	
59		return
60	89
		return
61	125
62	68
	158		155
63	69
	83
64	89
65		return
65	95
	95	lose more
66		return
66	144
	118
67	112
68	130
	88
69	46
	9000
71	158		155
	24
	72
72	67
	59
73			151-20
73	158		155
	9000		47	
74	9000	
75			110
75	00	refer
	99
	57
76			151-13
76	9000		35
	158		155
77	87
78	158		155
	82
79	146
80	65
	95
81	61
82	00	refer
	158		155
	130
	88
83			151-14
83	9000
	46	
83			35

84		return
85			39
85	9000
86	77
	81
87	125
88	158		155
89	28
	23
90	00	refer
			140
90		return
90	113
	109
91	114
91		return
92			110, 151-24
92	57
	99
	158		155
93	158		155
		return
94	36
	127
95	9000	
96			151-16
96	158		155
	105
97	102
	117
98	9000	
	104
99	9000	
100			151-22
100	158	155
	85
101		return
102	00	refer
			151-20
102	158		155
102	9000	
103	46
	9000	
104		return
105			151-17
105	158		155
	9000	
106			151-21
106	158		155
		return/new sec
107			151-23
107	9000	
	158		155
	85
109	90
	113
			151-8
109	158		155
109		return	
111		return	"you are the only one who knows how you could have gotten to this page"
112	9000	
113	9000	
116			136
116	158		155
	9000	
117	00	refer
	158		155
	9000
		49
119	00	refer
119		return	
121	9000	
123			151-7
123	158		155
132		return
125	9000	
126	00	refer
			41
126	9000
127	9000	
128	00	refer
			49
128	9000
	44
129	9000
	21	
132	155
	158
133		return/new sec?
135			151-1
135	158		155
	9000	
137			151-2
137	158		155
		return
139			151-18
139	158		155
	9000		37	
141			151-3
141	158		155
		return
143			151-4
143	158		155
		return	
145			151-5
145	158	155
	9000	
147	9000
149	00	refer
			104
			151-6
149	158		155
	9000
1000	123
	56
	106
	 135
	109
	66
	25
	29
	33
	37
	41
	47
	132
	93
	60
	141
	143
	137
	121
	52
	32
	116
	80
	71
1000 outside instructions
9000	22
	27
	30
	94
	49
	39
	43
	46
	50
	79
	21
9000		new section
	
	





	

