1000	98
	21
	41
	49
	112
	47
	51
	47
	111
	35
	39
	141
	136
	37
	104
112	47	outside instruction
1000		outside instruction
9000		new section
9000	26
	30
	34
	67
	38
	42
	46
	50
	54
19	26
	30
	34
	67
20	9000
	155		158
			daredevil reader 122
21	9000
	40		56
23	00	refer
	142
	134
	128
	109
	140
			106
00		combat table
24	53
	146
25	9000
26	00	refer
	90
	80
	70
	60
27	9000
			66
28	134
	138
29	158		155
	9000
			151-6
30	00	refer
	91
	81
	71
	61
31	00	refer
	158		155
	42
32	9000
33	83
	116
34	139
	137
	105
	133
35		return
36	128
	86		134
	9000
37		return
38	75		86
	9000
39		return
40	158		155
	9000		151-5	
41		return
42	64		25
	144		29
	101		33
			37
			41
			144
			47
			101
43	158		155
	24		151-15
	9000
45	158		155
	76		151-20
	9000
46	22
	88
47		return
47	54
48	9000		61
49		return
50	00	refer
	82
	66
	9000
51		return
52	158		155
	25	
53	9000	phase two	151-16
54	130		130
55	84
	31
56		return
57	42
58	25
	21
	86
59	158		155
	9000
60	109
	20
61	21
	29
62	124
	124
63		return	93
63	78
64	76		151-17
	44
65	158		155
	9000		151-24
66	107
	48
67	77
	9000
68	158		155
	34		151-11
	9000
69	158		155
	9000		151-25
70	150	refer	daredevil encounter 19
70		return
71	52
	58
	9000
73	9000		71
	155		71->158
74	43
	146
75	1100		151-19
75	9000
1100		action in Daredevil book
76			151-18
76	158		155
	44
	9000
77			151-9
77	158		155
	9000
79	9000
80			151-122
80	155		158
	9000		can't use Hand option
81	36
	32
	28
82	00	refer
	59
	65
	69
	66
83	116
	68
84	42
85	128
	116
86	9000		60
87	00	refer
	9000	no combat
	9000	combat	151-10
89	140
	122
	142
	120
	136
	126
90	109
	122
	155		158
	9000		can't use Hand option
91	145
	28
	94
	64
93		return	"Note from author: only two ways to get here...mistake...very special circumstance..."
94	100
	124
95	00	refer
95			90
95	9000
96	9000
97	55
98	00	refer
98		return
99	00	refer
	148
	134
	124
100	134
	145
101	00	refer
	114
	113
	63
	9000
103	74
	43
	146
104			151-21
104	158		155
	9000
105	33
	85
107	9000		120
109			151-1
109	9000		can't use Hand option
	158		155
111	00	refer
	51
111		return
112	00	refer
112		return
113			151-22
113	158		155
	9000
115	9000	no scheme
	00	refer
	9000	scheme	148
	104
117	9000		52/32
119	87
			151-10
119	9000	
	158		155
121			151-2
	158		155
	88
	9000
123			151-3
123	158		155
	88
	9000
125			151-9
125	158		155
	9000
127			151-4
127	158		155
	88
	9000
129			151-12
129	158		155
	9000
132	155	win
	158	lose
133	118
	27
136			114
136	9000
	155		158
137	147
	95
138	9000
139	72
	103
141			151-13
141	158		155
	9000
143	00	refer
			106
143	9000		tell Daredevil reader of the closing of that operation

144	97
	57
145	99
	96
	64
146	9000	phase two
147	00	refer
	9000	phase two	80
	9000
148	9000
	1100		151-8
149		return








