19	20
20	88
	43
21			146 page instruction for other player
	144
	40
22	35
	61
23	40
24	86
	40
	28	
25			146
	144
	47
26	30
27			146
	144
	142
28	22
	72
29	89
	85
30	91
	87
31			146
	144
	59
32	106
33			146
	144
	65
34	54
35			146
	144
	65
36	114
	82
37	144
	31
38			146
	144
	30
39			146
	144
	77
40	29
	39
	55
41	57
	83
42	64
43	24
44	80
	51
	41
45			146
	144
	24
46	64
47	68
48	38
	34
49			146
	144
	142
50	64
51	62
	58
52	21
	90
53	64
54			146
	144
	26
	30
55			146
	144
	44
	28
56	25
	47
57	67
	75
58	53
	50
59			146
	144
	64
60			146
	144	
	78
61			146
	144
	65
62	53
	46
	42
63			146
	144	
	65
64	49
	84
	27
65	71
	73
66			146
	144
	64
67			146
	144
	75
68	76
69	143
70		return
71	92
	102
72	33
	63
73			146
	144
	32
74		return
75	37
	75
76	0	refer
	40
0		back cover
77	81
78	64
79	69
80	66
	100
81			146
	144
	44
	28
82			146
	144
	114
	40
83			146
	144
	57
84			146
	144
	140
	142
85			146
	144
	77
86			88
	40
	28
87			146
	144
	79
88	36
89	77
90	23
	45
91	87
92			146
	144
	60
93	132
			146
	144
	138
94			146
	144
	56
	28
95	130
	128
96	104
	110
	118
97	103
	105
98	117
	111
100	101	refer
100		warrior's contest
	144
	44
	64
102			146
	144
	52
103			146
	144
	134
104	141
	126
105	103
	134
106		fallen knight game
			106
	144
	48
108			146
	144
	56
	28
109	105
	103
110	125
	122
111			146
	144
	145
112	64
113	64
116			146
	144
	40
117			146
	144
	145
118	112
	139
119	94
	108
120			146
	144
	64
121	96
122	64
123	127
	129
	131
	133
	135
124	140
	48
125	120
	64
126			146
	144
	64
127	140
	48
128			146
	144
	136
129	140
	48
130	136
131	140
	48
132			146
	144
	138
133	140
	48
134	98
135	124
	137
136	144
	97
137	140
	48
138			146
	144
	95
139			146
	144
	64
140	93
141			146
	144
	113
142	48
143	140
144		Lost
145		Won
1000		retreat
	119
	121
	123
9000		outside instructions	from other player
	74
	70