1	3
3	6
	9
4	87
5	44
	53
6	12
	18
7	56
	91	E
9	5
	70
10	29
11	41
	89
12	20
	39
13	55	E
	57	E
14	22
16	99
	35	E
18	14
	41
20	34
22	86
23	66
	76
24	42	E
	63
25	28
27	50
28	96
29	30
30	32
32	51
	90	E
34	13
	25
36	79
	28
37	27
	58	E
39	87
	28
40	46
	93	E
	101	E
41	47
43	37
	98	E
44	100
	33
47	36
	79
50	68
51	69	E
53	64
56	16
	24
61	11
63	16
	42
64	4
	59
66	85
	77	E
68	81
70	61
	23
71	19
	17
74	65
	54
76	82
79	10
80	54
81	94	E
	48
82	40
	75
84	95	E
85	11
86	43
87	7
89	71
96	62
	84
99	73
100	74
	80







