9	36
	53
	22
10	11	E
14	15
15	16
16	17
17	78
	30
18	20
22	23
23	24
24	59
	45
	72
	90
25	26
26	27	E
28	86
	42
29	99
30	31
31	32
32	33
33	35	E
36	37
37	38
38	81
	118
39	41	E
42	43
43	56
	109
	29
44	22
45	47	E
48	49
49	50
50	58	E
	13
51	99
53	54
55	120
	44
56	57	E
59	61
61	45
	90
62	63
63	80
	39
64	65	E
66	114
67	69
69	70
70	71
71	14
	104
72	73
73	75
75	45
	90
	59
76	77
77	112
	87
78	79	E
80	39
	48
81	83
83	51
	64
84	85
85	114
	10
86	99
87	88
88	52
	92
90	91
91	10
	84
	106
92	93
93	94
94	98	E
	18
95	97
97	108
	76
99	100
100	101
101	103	E
104	105	E
106	107
107	114
	45
	66
108	122
	76
109	111	E
112	113
113	25
	87
114	115
115	117	E
118	119
119	67
	28
120	121
121	62
	95


