1	2
2	3
3	5
	10
	7
5	6
6	12
	23
7	9
9	66
	18	E
10	16
12	13
13	15
15	78
	20
16	17
17	24
	74
20	21
21	22	E
23	68
	81
24	30
	88
	25
25	87
	97	E
26	28
28	31
	4
29	35
	87
30	40
	117
31	32
32	56
	43
	33
33	34
34	39	E
	49
35	37
37	38
38	45
	99
40	42
42	51
	64	E
43	44	E
45	47
47	48
48	58
	71
49	50	E
51	52
52	54
54	55	E
56	57	E
58	59
59	60
60	61
61	63	E
66	67
67	26
	76
68	70	E
71	72
72	73	E
74	75
75	82
76	85
	90	E
	77
82	83
83	84
84	113
	115
85	86	E
87	89	E
	98
88	100
	105
92	93	E
94	96	E
98	92
	94
99	104	E
	111
100	101
101	102
102	103	E
105	106	E
107	109	E
111	112	E
113	114	E
115	116	E
117	107	E
	110




