# Jeremy Douglass 2017-09-28

1	2
	11
2	3
	4
3	10
	11
4	9
	11
5	6
	10
6	7
	8
7	10
	11
8	9
	10
9	209
	5
10	12
	14
11	13
	15
12	16
	18
13	15
	17
14	16
	18
15	19
	23
16	20
	22
17	21
	27
18	22
	24
19	23
	30
20	28
	31
21	25
	29
22	28
	31
23	27
	30
24	26
	28
25	27
	29
26	209
	1
27	209
	5
28	32
	52
29	33		# If you are male, turn to page 33
	37		# if you are female, turn to page 37
30	34
	38
31	35
	43
32	36
	52
33	41
	49
34	38
	66
35	39
	43
36	40
	52
37	45
	49
38	42
	46
39	43
	71
40	44
	60
41	49
	57
42	42
	46
43	47
	59
44	48
	60
45	49
	61
46	50
	54
47	51
	59
48	56
	60
49	53
	68
50	54
	123
51	55
	59
52	56
	69
53	65
	68
54	58
	62
55	59
	63
56	64
	69
57	65
	125
58	62
	70
59	63
	124
60	64
	122
61	65
	121
62	66
	70
63	67
	124
64	209
	1
65	209
	5
66	209
	5
67	209
	1
68	72
	84
69	73
	81
70	74
	78
71	75
	79
72	76
	84
73	77
	81
74	78
	118
75	79
	119
76	80
	84
77	81
	85
78	82
	118
79	83
	119
80	84
	116
81	85
	117
82	86
	118
83	87
	115
84	88
	92
85	89
	109
86	90
	94
87	91
	115
88	96
	116
89	93
	109
90	98
	100
91	95
	115
92	96
	116
93	97
	109
94	98
	118
95	99
	115
96	102
	104
97	101
	109
98	100
	118
99	103
	115
100	106
	114
101	105
	109
102	108
	116
103	107
	115
104	108
	116
105	109
	113
106	110
	114
107	111
	115	
108	112
	116
109	113
	117
110	114
	118
111	115
	119
112	174
	179
113	178
	183
114	182
	187
115	175
	186
116	209
	5
117	209
	1
118	209
	5
119	209
	1
120	120
	211
121	129
	169
122	126
	162
123	127
	135
124	128
	156
125	133
	169
126	130
	158
127	131
	135
128	132
	156
129	137
	141
130	134
	138
131	135
	139
132	136
	172
133	137
	141
134	142
	162
135	139
	171
136	140
	156
137	141
	145
138	142
	162
139	143
	147
140	144
	172
141	145
	169
142	146
	162
143	147
	151
144	148
	156
145	145
	149
146	150
	170
147	151
	159
148	152
	156
149	153
	169
150	154
	170
151	155
	159
152	160
	172
153	157
	169
154	166
	170
155	159
	171
156	160
	172
157	161
	165
158	166
	170
159	159
	163
160	164
	168
161	165
	169
162	166
	170
163	167
	171
164	172
	188
165	173
	176
166	177
	180
167	181
	184
168	172
	185
169	209
	5
170	209
	1
171	209
	5
172	209
	1
173	189
	193
174	190
	194
175	191
	195
176	192		If you want to turn to page 192, turn to page 192
	196		If you want to turn to page 196, turn to page 196
177	189
	193
178	190
	194
179	191
	195
180	192
	196
181	189
	193
182	190
	194
183	191
	195
184	192
	196
185	189
	193
186	190
	194
187	191
	195
188	192
	196
189	197
	201
190	198
	202
191	199
	203
192	200
	204
193	197
	201
194	198
	202
195	199
	203
196	200
	204
197	205
	206
198	205
	206
199	205
	206
200	205
	206
201	209
	1
202	209
	1
203	209
	5
204	209
	5
205	207
	206
206	207
	205
207	209
	1

# 208		BLANK

209		THE END

# 210		BLANK

211		BEHOLD THE ZENITH
