# 41-17 Big Night Out

# DRAFT -- incomplete at 121

# The first choice on page two is a subtle protagonist selection -- "To go to the pub" chooses the male roomate as avatar / protagonist, "To go to Suzy's house" chooses the female roomate.

1	2
2	6
2	3
3	8
	16
	10
6	9
	45
8	19
	21
9	11
	50
10	14
	13
11	15
	53
13	16
14	32
	29
15	18
	57
16	24
	26
18	60
	20
19	36
	41
20	22
	63
21	44
	47
22	25
	66
24	51
	55
25	28
	68
26	59
	62
28	30
	72
29	65
30	34
	76
32	67
	65
34	38
36	70
	74
38	40
	79
40	42
	83
41	78
	81
42		E
44		E
45	85
	87
47	84
	302
	86
50	18
51	88
	92
53	89
	91
55		E
57	93
	96
59	90
	92
60	98
	100
62	92
63	102
	106
65	95		Gender - attracted to man or woman
	99
66	109
	111
67	65
68		E
70	101
	104
72		E
74		E
76		E
78	183
79		E
81	107
	110
83		E
84		E
85	114
	116
86	49
87	119
	123
88		E
89		E
90	92
91	18
92	308
	113
93		E
95	121
	144
96		E
98	20
	126
99	299
100	129
	131
101	124
	191
102	133
	137
104		E
106	137
107	128
	130
109	30
110	299
111	140
	143
113	322
	118
114	146
	149
116	153
	158
118	132
	135
119	161
	165
121	139
	142
123	167
	170
124	160
	163
126	174
	177
128		E
129	179
	182
130	302
131	179
	182
132		E
133	184
	186
135	341
	353
137		E
139		E
140	189
	192
142	148
	144
143	195
	199
144	155
	151
146	167
	170
148		E
149	202
	355
151	176
	178
153	204
	207
155	181
	183
158	210
	214
160	168
	172
161		E
163	185
	187
165	22
167	218
168	191
	194
170	221
	218
172		E
174		E
176	197
	201
177		E
178	203
179		E
181		E
182	225
	228
183		E
184		E
185	206
186		E
187	208
	212
189		E
191	216
	220
192	232
	179
194	223
	191
195	234
	236
197	227
	230
199	240
	245
201	235
	242
202	179
	249
203		E
204	253
	256
206	233
	304
207	258
	260
208		E
210	263
	267
212	247
	251
214		E
216	255		forced choice -- but rolling the joint becomes a play state at 335
	255
218		E
220	265
	269
221	218
223	273
	276
225	271
	274
227		E
228	278
	282
230		E
232	286
	288
233		E
234		E
235	238
	332
236		E
238		E
240		E
242	277
	280
245		E
247		E
249	291
	294
	179
251	284
253	297
	300
255	259
	262
256	311
	319
258		E
259	287
	290
260		E
262	299
263		E
265		E
267		E
269		E
271	339
	346
273		E
274		E
276	302
277	326
	328
	333
278		E
280	329
	330
282		E
284		E
286		E
287	335
	337
288		E
290	293
	296
291		E
291		E
293		E
294		E
296		E
297		E
299		E
300		E
302	309
	313
304	306
	307
306		E
307		E
308		E
309	314
	316
311		E
313		E
314		E
316	318
	321
318	322
	324
319		E
321		E
322		E
324		E
326		E
328		E
329	332
	334
330		E
332		E
333		E
334		E
335	344		"If you didn't roll a joint at Lisa's"
	343		"If you did"
337		E
339		E
341	351
	352
343		E
344	345
	347
345	360
	349
346		E
347	356
	357
	358
349		E
351		E
353		E
355	179
356		E
357		E
358		E
360		E
