# 43-21 Pretty Little Mistakes
# A Do-Over Novel
# tagline: "One Beginning, 150 Endings: The Choice is Yours"

1	2
	3
2	4
	5
3	6
	7
4	8
	9
5	10
	11
6	12
	13
7	14
	15
8	16
	17
9	18
	19
10	20
	21
11	22
	23
12	24
	25
13	26
	27
14	28
	29
15	30
	31
16	32
	33
17	34
	35
18	36
	37
19	38
	39
20	40
	41
21	42
	43
22	44
	45
23	46
	47
24	48
	49
25	50
	51
26	52
	53
27	54
	55
28	40		First choice that isn't part of a growing binary tree
	41		Both paths merge with the choices from 20
29	56
	57
30		E
31	58
	59
32	60
	61
33	62
	63
34	64
	65
35	66
	67
36	68
	69
37	70
	71
38	72
	73
39	74
	75
40	76
	77
41	78
	79
42	80
	81
43	82
	83
44	84
	85
45	46		merge
	47		parallel merge
46	86
	87
47	88
	89
48	196		first piece of choice wiring
	152		not parallel
49	92		what happened to 90-91
	93
50	136		reverse choice priority w pagination
	135
51	94
	95
52		E
53		E
54	98
	99
55	100
	92
56		E
57		E
57	1	REF*	ending w restart
58	101
	102
59	103
	104
60	105
	106
61	107
	108
62	109
	128
63	110
	111
64	112
	113
65		E
66	114
	115
67	186
	187
68	116
	117
69	118
	184
70	119
	120
71	119
	120
72	121
	122
73	123
	124
74	137
	126
75	134
76	129
	130
77	131
	132
78		E
79	133
	91
80		E
81		E
82	138
	139
83	160
	161
84		E
85	140
	141
86	142
	143
87	144
	145
88		E
89	210
	90
90	128
	155
91		E
92	151
	148
93	149
	150
94		E
95		E
96		E
97		E
98		E
99		E
100	158
	159
101	166
	167
102		E
103	168
	169
104	170
	171
105	172
	173
106		E
107	174
	175
108	160
	161
109	176
	177
110	178
	179
111	180
	181
112	182
	183
113	208
	209
114		E
115		E
116	188
	189
117		E
118		E
119	192
	193
120	194
	195
121	E		Almost identical w 124 from "Three months later"
122		E
123	197
	153
124	E		Almost identical w 121 from "Three months later"
125	185
	154
126	202
	203
127		E
128		E
129		E
130	206
	207
131	199
	198
132		E
133		E
134		E
135	204
	205
136	125
	127
137	200
	201
138		E
139		E
140		E
141		E
142		E
143		E
144	146
	147
145		E
146		E
147		E
148	162
	163
149	211
	212
150	213
	214
151	97
	96
152		E
153		E
154		E
155		E
156		E
157		E
158	215
	157
159	26
	93
160		E
161		E
162		E
163		E
164		E
165		E
166	156
	157
167	156
	157
168	164
	165
169		E
170		E
171		E
172		E
173		E
174		E
175		E
176	190
	191
177		E
178		E
179		E
180		E
181		E
182		E
183		E
184		E
185		E
186		E
187		E
188		E
189		E
190		E
191		E
192		E
193		E
194		E
195		E
196		E
197		E
198		E
199		E
200		E
201		E
202		E
203		E
204		E
205		E
206		E
207		E
208		E
209		E
210		E
211		E
212		E
213		E
214		E
215		E
