2	18
2	39
4		E
5		E
6	69
6	36
7	19
8		E
9		E
10	13
11	4
11	35
12		E
13	15
14		E
15	6
16	7
16	37
17		E
18	39
19	38
19	92
20	17
20	25
22	40
22	61
25	56
25	31
27	48
29		E
30		E
31	59
35	80
36		E
37		E
38		E
39	41
39	30
40		E
41	5
41	20
44	52
46		E
47	88
48	9
48	71
48	14
49	85
50	27
51	87
51	47
52	64
53		E
54	115
55	102
56		E
57	10
57	72
58	65
59	50
59	8
61	100
61	119
62	12
62	57
64	58
64	103
65	40
65	97
66	78
68	109
68	53
69	11
71	62
72	57
73	84
73	29
74	49
75	16
78	94
79	117
80	73
83	79
84	75
85	44
87		E
88	120
89	107
92	22
93	108
94	116
95	99
95	106
97	114
97	68
98	51
99	113
100	93
101	54
103	64
104	78
105	118
106	99
107	95
108	46
108	74
109	55
109	101
110	98
111		E
112	89
112	111
113	110
114		E
115	66
115	104
116	83
116	56
117	105
118	112
119	93
120 		WIN