7	9
9	10
10	11
11	12
12	14
	106
	108
14	15
15	16
16	17
17	18
18	19
19	20
20	22
	109
22	23
23	24	
24	25
25	26	
26	27
27	28
28	30
	110
30	31
31	32
32	34
34	35
35	36
36	37
37	38
38	40
	111
	112
40	41
41	42
42	44	
44	45
45	46
46	47
47	48
48	49
49	50
50	52
	114
	122
52	54	
54	55
55	56
56	57
57	58
58	60
	116
	119
60	61
61	62	
62	64
64	65
65	66
66	68
68	69
69	70
70	72
	121
72	73
73	75
75	76
76	78
	125
	126
78	80
80	82
	115
	118
82	83
83	85
85	86
86	87
87	88
88	90
	127
90	92	
92	94
	124
94	95
95	96
96	97
97	99
99	100
100	102
	107
102	103
103	104
106		E
106	12	R*
107		E
107	100	R*
108		E
108	12	R*
109		E
109	20	R*
110		E
110	28	R*
111		E
111	38	R*
112		E
112	38	R*
114		E
114	50	R*
115		E
115	80	R*
116		E
116	58	R*
118		E
118	80	R*
119	120
120		E
120	58	R*
121		E
121	70	R*
122		E
122	50	R*
124		E
124	92	R*
125		E
125	76	R*
126		E
126	76	R*
127		E
127	88	R*


