7	8
8	9
9	10
10	11
11	12	
12	14
	107
14	15
15	16
16	17
17	18
18	19
19	21
21	22	
22	23
23	24
24	25
25	26
26	28
	108
	110
28	29
29	30
30	31
31	33
33	34
34	35
35	36
36	38
	109
38	39
39	40
40	41
41	42
42	43
43	44	
44	45
45	46
46	48
	111
	113
48	49
49	50
50	52
52	53
53	54
54	56
	114
56	57
57	58
58	59
59	60
60	61
61	62
62	64
64	65
65	66
66	68
	115
	116
68	69
69	70	
70	72
	117
	121
72	74
74	76	
76	78
	122
	124
78	79
79	80
80	81
81	82
82	84
	125
	127
84	85
85	86
86	87
87	88
88	90
	126
90	91
91	93	
93	94	
94	96
	118
96	97
97	98
98	99
99	100
100	101
101	102
102	104
	123
107		E
107	12	R*
108		E
108	26	R*
109		E
109	36	R*
110		E
110	26	R*
111		E
111	46	R*
113		E
113	46	R*
114		E
114	54	R*
115		E
115	66	R*
116		E
116	66	R*
117		E
117	70	R*
118	119
119	120
120		E
120	94	R*
121		E
121	70	R*
122		E
122	76	R*
123		E
123	102	R*
124		E
124	76	R*
125		E
125	82	R*
126		E
126	88	R*
127		E
127	82	R*
