1	2
2	17
	33
3	4
4
5	6
6	18
	36
7
9
10	11
11	25
	43
12	13
13
14
15
17
18	14
	29
19
21	22
22
23
25	26
26	15
	28
	46
27	41
28
29	30
30	37
	7
31	32
32	21
	39
33	35
35	5
36	9
	3
37	38
38	19
	10
39	40
40	27
	45
41	42
42	67
	53
43
45
46	12
	31
47	48
48
49	50
50	55
	72
51
53	47
	69
54
55	57
	74
57	58
58
59	60
60	78
	85
61
63	64
64	83
	54
65	66
66	81
	88
67	68
68
69	70
70	49
	23
71
72	73
73
74	63
	75
75
77	59
	82
78
79	80
80	65
	87
81	
82
83	84
84	51
	77
85	86
86	61
	79
87
88	96
	109
89
91	95	
	103
92
93
94
95	114
	102
	106
	104
96	97
97	89
	99
99	100
100	92
	107
101	91
	113
102	
103
104
105
106
107	108
108	94
	110
109
110	111
111	93
	101
113	
114	122
	105
115	127
	117
116
117	116	
	125
118
119	120
120	128
	123
121	71
	119
122	124
	115
123
124	
125	126
126	118
	121
127	
128	129
129

