1	2
2	3
3	9
	13
4	14
	32
5	39
6	21
7	19
8
9	66
10	28
11	24
12	40
13	18
14	27
15	58
16	33
17
18	68
	25
19	53
	71
20	41
21	38
22	7
23	61
	16
24	69
	50
25	6
26	4
27	29
28
29	62
	37
	63
	10
	70
	5
30	65
31	34
32	49
33
34	54
	60
35	29
36	29
37	44
38	26
39	67
	55
40
41	56
42	64
43	59
44	52
45
46	57
	11
47	45
48	8
49
50	12
51
52	29
53	42
54
55	43
	48
56	17
57	30
58	36
	22
59	15
60	1000
	29
61	31
62	23
63	35
64	29
65
66
67	29
	55
68
69	20
70	7
	51
71
72	1000
22	47
1000	46
1000	24
42	72